Model,Epoch,train_loss,epoch_time_s,valid_score,recall@10,recall@20,ndcg@10,ndcg@20,mrr@10,mrr@20,precision@10,precision@20,hit@10,hit@20
SimGCL,1,131759.91015625,0.4911379814147949,0.0373,0.0519,0.0878,0.0373,0.0496,0.0559,0.0622,0.0165,0.0139,0.156,0.248
SimGCL,2,113013.08837890625,0.2905294895172119,0.059,0.0835,0.1267,0.059,0.074,0.0852,0.093,0.0241,0.019,0.222,0.336
SimGCL,3,108897.38330078125,0.2892897129058838,0.0793,0.1109,0.1571,0.0793,0.0957,0.1115,0.1192,0.0309,0.0232,0.285,0.396
SimGCL,4,106307.27001953125,0.29016900062561035,0.0972,0.1295,0.1765,0.0972,0.1143,0.1378,0.1459,0.0357,0.0262,0.321,0.437
SimGCL,5,104659.11181640625,0.28563952445983887,0.112,0.1438,0.1988,0.112,0.1316,0.1611,0.1696,0.0399,0.0292,0.356,0.4785
SimGCL,6,102768.00341796875,0.2865002155303955,0.1256,0.1592,0.2205,0.1256,0.1473,0.1812,0.1904,0.0443,0.0324,0.389,0.523
SimGCL,7,101488.80517578125,0.29180908203125,0.1358,0.1722,0.2413,0.1358,0.1603,0.1962,0.2066,0.0474,0.0352,0.412,0.5615
SimGCL,8,100037.1748046875,0.3905632495880127,0.1466,0.1859,0.2574,0.1466,0.1719,0.2113,0.2218,0.0513,0.0374,0.4395,0.592
SimGCL,9,99086.740234375,0.2851238250732422,0.1575,0.2002,0.2713,0.1575,0.1827,0.225,0.2347,0.0549,0.0392,0.4715,0.611
SimGCL,10,97773.35302734375,0.2874770164489746,0.1674,0.2136,0.2841,0.1674,0.1924,0.238,0.247,0.0585,0.041,0.497,0.6265
SimGCL,11,97279.34130859375,0.28382015228271484,0.1742,0.2196,0.2973,0.1742,0.2015,0.2485,0.2578,0.0603,0.0428,0.5095,0.645
SimGCL,12,96295.35595703125,0.28377628326416016,0.1823,0.2303,0.3068,0.1823,0.2094,0.2598,0.2687,0.0632,0.0443,0.5305,0.661
SimGCL,13,95750.2041015625,0.2935323715209961,0.1881,0.2381,0.3156,0.1881,0.2156,0.2668,0.2757,0.0653,0.0455,0.543,0.6715
SimGCL,14,95190.78125,0.2866027355194092,0.1949,0.2464,0.3251,0.1949,0.2228,0.275,0.284,0.0678,0.047,0.556,0.6865
SimGCL,15,94737.984375,0.2844052314758301,0.2017,0.2551,0.3342,0.2017,0.2298,0.2837,0.2924,0.0698,0.0481,0.569,0.6955
SimGCL,16,93772.67138671875,0.2835719585418701,0.2066,0.2601,0.3422,0.2066,0.236,0.2917,0.3009,0.071,0.0495,0.575,0.7085
SimGCL,17,93491.5400390625,0.2872805595397949,0.2129,0.2673,0.3494,0.2129,0.2423,0.2991,0.3079,0.0733,0.0505,0.5875,0.7135
SimGCL,18,93120.623046875,0.28449463844299316,0.2192,0.2755,0.3558,0.2192,0.248,0.3077,0.3163,0.0755,0.0515,0.5985,0.7235
SimGCL,19,92733.7021484375,0.2873218059539795,0.2237,0.282,0.3633,0.2237,0.2531,0.3129,0.3214,0.0768,0.0526,0.609,0.7345
SimGCL,20,92449.0830078125,0.28441381454467773,0.2281,0.2855,0.3671,0.2281,0.2577,0.3197,0.3286,0.078,0.0534,0.614,0.743
SimGCL,21,92221.91748046875,0.284313440322876,0.2325,0.2905,0.3724,0.2325,0.2624,0.3254,0.3344,0.0791,0.0542,0.6185,0.7505
SimGCL,22,91696.49853515625,0.28374648094177246,0.2364,0.2947,0.3768,0.2364,0.2663,0.3307,0.3397,0.0806,0.0547,0.6265,0.7565
SimGCL,23,91357.69775390625,0.2854273319244385,0.2402,0.2992,0.3833,0.2402,0.2708,0.3353,0.3442,0.0821,0.0559,0.6335,0.7635
SimGCL,24,91102.3994140625,0.2867085933685303,0.2443,0.3028,0.3874,0.2443,0.2752,0.3404,0.3495,0.0832,0.0566,0.637,0.767
SimGCL,25,90811.42724609375,0.2833571434020996,0.2479,0.3071,0.3934,0.2479,0.2796,0.3461,0.3548,0.0843,0.0577,0.6465,0.7735
SimGCL,26,90621.94140625,0.2832827568054199,0.2506,0.3092,0.3961,0.2506,0.2825,0.3488,0.3576,0.085,0.0581,0.6485,0.7735
SimGCL,27,90193.93994140625,0.2842986583709717,0.2544,0.3133,0.4,0.2544,0.2865,0.3538,0.363,0.086,0.0588,0.652,0.784
SimGCL,28,90183.72900390625,0.2853701114654541,0.2578,0.317,0.4025,0.2578,0.2894,0.3579,0.3668,0.0874,0.0593,0.658,0.7835
SimGCL,29,90078.716796875,0.2847566604614258,0.2613,0.3213,0.4064,0.2613,0.2931,0.362,0.3708,0.0883,0.06,0.664,0.7895
SimGCL,30,90006.85498046875,0.2830643653869629,0.2648,0.3253,0.4103,0.2648,0.2964,0.3666,0.3754,0.0896,0.0607,0.6695,0.796
SimGCL,31,89602.3623046875,0.2835867404937744,0.2669,0.3277,0.4145,0.2669,0.2993,0.3683,0.3771,0.0903,0.0614,0.6735,0.798
SimGCL,32,89479.9599609375,0.2833132743835449,0.2695,0.3303,0.4167,0.2695,0.3018,0.3721,0.3811,0.0912,0.0618,0.6765,0.804
SimGCL,33,89074.49365234375,0.28705453872680664,0.2726,0.3321,0.4208,0.2726,0.3057,0.3771,0.386,0.0919,0.0625,0.6805,0.8065
SimGCL,34,88963.1240234375,0.28382205963134766,0.2748,0.3361,0.4245,0.2748,0.3078,0.3798,0.3885,0.0928,0.063,0.6865,0.8115
SimGCL,35,88738.64013671875,0.285400390625,0.2768,0.3384,0.4278,0.2768,0.3101,0.3821,0.3902,0.0939,0.0637,0.6945,0.8115
SimGCL,36,88656.14013671875,0.28368282318115234,0.2788,0.3412,0.4294,0.2788,0.3117,0.3836,0.3922,0.0948,0.0639,0.6945,0.817
SimGCL,37,88631.80322265625,0.38301587104797363,0.2805,0.3425,0.4318,0.2805,0.3138,0.3865,0.3949,0.0953,0.0643,0.699,0.8195
SimGCL,38,88264.94970703125,0.28517889976501465,0.2825,0.3449,0.4346,0.2825,0.3161,0.3888,0.3972,0.096,0.0649,0.702,0.8215
SimGCL,39,88073.650390625,0.2837707996368408,0.2845,0.3476,0.4358,0.2845,0.3173,0.3912,0.3993,0.0971,0.0649,0.708,0.824
SimGCL,40,88198.49169921875,0.2840616703033447,0.2865,0.3506,0.4388,0.2865,0.3196,0.3926,0.4009,0.0977,0.0656,0.71,0.8285
SimGCL,41,87903.087890625,0.2883741855621338,0.2886,0.3539,0.4421,0.2886,0.3216,0.3948,0.4029,0.0987,0.066,0.716,0.8315
SimGCL,42,88061.1552734375,0.2850308418273926,0.2903,0.3556,0.4449,0.2903,0.3237,0.3968,0.4045,0.0994,0.0666,0.722,0.8325
SimGCL,43,87924.234375,0.28389453887939453,0.2929,0.3584,0.4465,0.2929,0.3259,0.4002,0.4078,0.1002,0.0668,0.725,0.835
SimGCL,44,87577.98388671875,0.2829267978668213,0.2941,0.36,0.4488,0.2941,0.3272,0.4018,0.4094,0.1009,0.0672,0.7275,0.836
SimGCL,45,87693.212890625,0.28493618965148926,0.2958,0.3604,0.4517,0.2958,0.33,0.4058,0.4134,0.1011,0.0677,0.7285,0.8385
SimGCL,46,87671.98876953125,0.2834033966064453,0.2974,0.3635,0.4534,0.2974,0.331,0.4068,0.4142,0.102,0.0679,0.7335,0.839
SimGCL,47,87627.83203125,0.2845594882965088,0.2984,0.3649,0.4553,0.2984,0.3322,0.4082,0.4153,0.1025,0.0683,0.738,0.841
SimGCL,48,87229.1875,0.2834177017211914,0.3001,0.3669,0.4559,0.3001,0.3335,0.4104,0.4177,0.103,0.0683,0.7375,0.8425
SimGCL,49,87374.57275390625,0.2837662696838379,0.3017,0.3682,0.4576,0.3017,0.3352,0.4122,0.4193,0.1035,0.0685,0.741,0.842
SimGCL,50,87163.265625,0.2837848663330078,0.3036,0.3714,0.4598,0.3036,0.3367,0.4133,0.4202,0.1046,0.069,0.745,0.8455
SimGCL,51,86860.7470703125,0.28358983993530273,0.305,0.3731,0.4617,0.305,0.3382,0.4153,0.4224,0.1051,0.0693,0.747,0.8485
SimGCL,52,87052.05419921875,0.28345370292663574,0.3076,0.3776,0.464,0.3076,0.34,0.417,0.424,0.1065,0.0697,0.7505,0.852
SimGCL,53,86741.57275390625,0.2880558967590332,0.3082,0.3775,0.4652,0.3082,0.3411,0.4188,0.4255,0.1066,0.07,0.7525,0.8505
SimGCL,54,86856.07177734375,0.2837550640106201,0.31,0.3803,0.4654,0.31,0.342,0.4195,0.4263,0.1075,0.0701,0.753,0.851
SimGCL,55,86624.58203125,0.2840540409088135,0.3108,0.3809,0.4661,0.3108,0.3429,0.4208,0.4275,0.1076,0.0702,0.7555,0.852
SimGCL,56,86850.38818359375,0.284088134765625,0.3118,0.3818,0.4695,0.3118,0.3447,0.4227,0.4294,0.108,0.0706,0.757,0.8535
SimGCL,57,86683.07275390625,0.28414320945739746,0.3129,0.3826,0.4703,0.3129,0.3459,0.423,0.4298,0.1082,0.0708,0.757,0.855
SimGCL,58,86313.33251953125,0.2838709354400635,0.3142,0.3833,0.4725,0.3142,0.3478,0.4257,0.4327,0.1084,0.0712,0.757,0.857
SimGCL,59,86561.908203125,0.28548765182495117,0.3156,0.3851,0.4734,0.3156,0.3488,0.4264,0.4333,0.1091,0.0714,0.76,0.859
SimGCL,60,86345.94384765625,0.28472328186035156,0.3166,0.3865,0.4757,0.3166,0.3501,0.4264,0.4336,0.1097,0.0718,0.759,0.8615
SimGCL,61,86336.28857421875,0.28273749351501465,0.3178,0.3879,0.4774,0.3178,0.3515,0.4287,0.4355,0.1098,0.0721,0.764,0.8625
SimGCL,62,86080.56884765625,0.28330087661743164,0.3188,0.3902,0.4789,0.3188,0.352,0.428,0.4348,0.1107,0.0723,0.765,0.8635
SimGCL,63,86480.78564453125,0.2830214500427246,0.32,0.3906,0.4802,0.32,0.3536,0.4309,0.4377,0.1111,0.0726,0.7665,0.865
SimGCL,64,86221.90380859375,0.28607726097106934,0.3206,0.3908,0.4806,0.3206,0.3544,0.432,0.4389,0.1111,0.0726,0.7665,0.865
SimGCL,65,86202.3095703125,0.2838726043701172,0.3215,0.3917,0.4815,0.3215,0.3553,0.4337,0.4407,0.1113,0.0728,0.766,0.867
SimGCL,66,86185.462890625,0.3667020797729492,0.3229,0.3945,0.4817,0.3229,0.3557,0.4333,0.44,0.1124,0.0728,0.771,0.868
SimGCL,67,85929.13671875,0.2844886779785156,0.324,0.3958,0.4831,0.324,0.3569,0.4348,0.4416,0.1126,0.0731,0.7725,0.87
SimGCL,68,86015.32861328125,0.28406357765197754,0.3247,0.3966,0.4843,0.3247,0.3577,0.4359,0.4424,0.1129,0.0732,0.7745,0.8695
SimGCL,69,85986.4775390625,0.2833549976348877,0.3257,0.3974,0.4852,0.3257,0.3587,0.4376,0.4442,0.113,0.0732,0.775,0.871
SimGCL,70,85982.474609375,0.2822611331939697,0.3263,0.3979,0.4859,0.3263,0.3593,0.4379,0.4446,0.1134,0.0735,0.776,0.8735
SimGCL,71,85653.44140625,0.2849867343902588,0.327,0.3993,0.4882,0.327,0.3605,0.4389,0.4455,0.1137,0.0739,0.779,0.876
SimGCL,72,85631.43212890625,0.2852327823638916,0.3277,0.4007,0.4883,0.3277,0.3607,0.4388,0.4453,0.1141,0.0739,0.78,0.8755
SimGCL,73,85589.31005859375,0.2848048210144043,0.3283,0.401,0.4907,0.3283,0.362,0.4399,0.4466,0.1143,0.0743,0.78,0.878
SimGCL,74,85394.50390625,0.28262996673583984,0.3295,0.4023,0.4919,0.3295,0.3631,0.4416,0.4483,0.1149,0.0745,0.781,0.8775
SimGCL,75,85575.83056640625,0.2846250534057617,0.3305,0.4044,0.4921,0.3305,0.3634,0.4424,0.449,0.1154,0.0745,0.7815,0.877
SimGCL,76,85458.50732421875,0.2845151424407959,0.3311,0.4048,0.4917,0.3311,0.3638,0.4435,0.4499,0.1157,0.0744,0.7845,0.877
SimGCL,77,85402.99462890625,0.28665852546691895,0.3315,0.4055,0.4931,0.3315,0.3646,0.4432,0.4498,0.1157,0.0748,0.784,0.8785
SimGCL,78,85740.6455078125,0.29544496536254883,0.332,0.4053,0.4939,0.332,0.3653,0.4443,0.4508,0.1157,0.0749,0.785,0.8785
SimGCL,79,85465.0205078125,0.28412437438964844,0.3325,0.4059,0.4956,0.3325,0.3663,0.4453,0.452,0.1159,0.0751,0.7855,0.882
SimGCL,80,85318.943359375,0.28335046768188477,0.3339,0.4068,0.4963,0.3339,0.3677,0.4484,0.4551,0.1162,0.0753,0.787,0.8825
SimGCL,81,85326.6875,0.28365397453308105,0.3348,0.4083,0.4961,0.3348,0.3679,0.4482,0.4547,0.1167,0.0753,0.7875,0.881
SimGCL,82,85220.57373046875,0.2852153778076172,0.3355,0.4082,0.4972,0.3355,0.369,0.4499,0.4564,0.1167,0.0755,0.789,0.8825
SimGCL,83,85020.9638671875,0.2835967540740967,0.3363,0.4101,0.498,0.3363,0.3693,0.4508,0.457,0.1175,0.0755,0.793,0.8825
SimGCL,84,85540.34423828125,0.28438401222229004,0.3378,0.4119,0.4988,0.3378,0.3704,0.452,0.4582,0.1179,0.0756,0.7925,0.8815
SimGCL,85,85267.48388671875,0.28279900550842285,0.3378,0.4125,0.4994,0.3378,0.3707,0.4511,0.4573,0.1179,0.0759,0.793,0.8825
SimGCL,86,85233.546875,0.28449511528015137,0.3387,0.4132,0.5,0.3387,0.3715,0.4524,0.4587,0.1183,0.076,0.794,0.8825
SimGCL,87,85203.4521484375,0.283907413482666,0.3387,0.413,0.5014,0.3387,0.372,0.4529,0.4592,0.1184,0.0762,0.7945,0.884
SimGCL,88,85029.763671875,0.2836916446685791,0.3391,0.4131,0.5025,0.3391,0.373,0.454,0.4606,0.1182,0.0765,0.7925,0.886
SimGCL,89,85030.06787109375,0.2854764461517334,0.34,0.4145,0.5024,0.34,0.3732,0.4539,0.4602,0.1189,0.0764,0.796,0.884
SimGCL,90,85102.92333984375,0.2842526435852051,0.3404,0.4146,0.5036,0.3404,0.374,0.4554,0.4617,0.1189,0.0767,0.796,0.886
SimGCL,91,84998.29736328125,0.282243013381958,0.3412,0.4154,0.5042,0.3412,0.3747,0.4562,0.4625,0.1193,0.0768,0.797,0.885
SimGCL,92,84978.435546875,0.2874026298522949,0.3412,0.4158,0.5061,0.3412,0.3753,0.456,0.4623,0.1193,0.0772,0.797,0.8865
SimGCL,93,84895.7060546875,0.28528523445129395,0.342,0.4169,0.5064,0.342,0.3758,0.4568,0.4632,0.1198,0.0772,0.798,0.888
SimGCL,94,84893.20703125,0.2889595031738281,0.3422,0.4166,0.5073,0.3422,0.3764,0.4574,0.4638,0.1197,0.0774,0.7975,0.8885
SimGCL,95,84862.6123046875,0.36789393424987793,0.3428,0.4175,0.5078,0.3428,0.3768,0.458,0.4643,0.1201,0.0774,0.7995,0.8885
SimGCL,96,84874.55419921875,0.2869141101837158,0.3436,0.4177,0.5082,0.3436,0.3777,0.4591,0.4655,0.1201,0.0774,0.7985,0.8885
SimGCL,97,84967.681640625,0.2846364974975586,0.3446,0.4196,0.5096,0.3446,0.3784,0.4602,0.4665,0.1206,0.0776,0.8005,0.8895
SimGCL,98,84824.935546875,0.2844536304473877,0.3446,0.4195,0.5101,0.3446,0.3788,0.4603,0.4668,0.1205,0.0777,0.8,0.8915
SimGCL,99,85115.48095703125,0.283405065536499,0.3447,0.4203,0.5093,0.3447,0.3784,0.4599,0.4664,0.1208,0.0776,0.8,0.889
SimGCL,100,84814.0400390625,0.28644871711730957,0.3448,0.419,0.5103,0.3448,0.3794,0.4612,0.4678,0.1203,0.0777,0.799,0.89
SimGCL,101,84623.0849609375,0.2847890853881836,0.3457,0.4208,0.5105,0.3457,0.3796,0.4619,0.4682,0.1211,0.0778,0.803,0.89
SimGCL,102,84763.751953125,0.28380727767944336,0.3463,0.4208,0.5107,0.3463,0.3803,0.4628,0.4693,0.121,0.0779,0.8015,0.8925
SimGCL,103,84588.66259765625,0.28408002853393555,0.3464,0.4209,0.5114,0.3464,0.3807,0.4632,0.4697,0.1212,0.078,0.8035,0.893
SimGCL,104,84708.896484375,0.28481435775756836,0.3471,0.4212,0.5117,0.3471,0.3814,0.4642,0.4706,0.1213,0.0781,0.805,0.8935
SimGCL,105,84623.46337890625,0.283935546875,0.3473,0.4215,0.5127,0.3473,0.3818,0.4639,0.4705,0.1214,0.0782,0.8035,0.894
SimGCL,106,84576.17822265625,0.2833075523376465,0.348,0.4227,0.5137,0.348,0.3823,0.4648,0.4711,0.1219,0.0784,0.8065,0.8955
SimGCL,107,84771.6220703125,0.2842092514038086,0.3482,0.4226,0.5136,0.3482,0.3826,0.4651,0.4715,0.1218,0.0784,0.806,0.895
SimGCL,108,84380.923828125,0.28373050689697266,0.3489,0.4234,0.5142,0.3489,0.3832,0.4659,0.4722,0.1222,0.0785,0.808,0.8965
SimGCL,109,84494.4775390625,0.28244709968566895,0.3492,0.4235,0.5151,0.3492,0.3838,0.4665,0.4731,0.1222,0.0787,0.8055,0.898
SimGCL,110,84417.9873046875,0.2852153778076172,0.3497,0.4238,0.5154,0.3497,0.3844,0.4671,0.4735,0.1223,0.0787,0.807,0.8975
SimGCL,111,84566.55078125,0.2867732048034668,0.3504,0.4252,0.5152,0.3504,0.3844,0.4675,0.4738,0.123,0.0787,0.809,0.897
SimGCL,112,84620.0029296875,0.2863271236419678,0.3503,0.4248,0.5161,0.3503,0.3849,0.4682,0.4745,0.1227,0.079,0.8095,0.8985
SimGCL,113,84303.4990234375,0.28249430656433105,0.3503,0.4245,0.5155,0.3503,0.3848,0.4678,0.4743,0.1226,0.0788,0.8085,0.8985
SimGCL,114,84305.3515625,0.28173065185546875,0.3509,0.4254,0.5164,0.3509,0.3854,0.4686,0.4751,0.1229,0.0789,0.8095,0.9005
SimGCL,115,84084.55224609375,0.2849459648132324,0.3517,0.4262,0.5158,0.3517,0.3855,0.4696,0.476,0.1233,0.0788,0.811,0.8995
SimGCL,116,84334.1572265625,0.283768892288208,0.3519,0.4263,0.517,0.3519,0.3861,0.4698,0.4761,0.1233,0.079,0.812,0.901
SimGCL,117,84367.20263671875,0.2825608253479004,0.3521,0.427,0.518,0.3521,0.3865,0.4701,0.4765,0.1235,0.0791,0.8115,0.9
SimGCL,118,84543.9462890625,0.28318333625793457,0.3528,0.4277,0.5172,0.3528,0.3868,0.4712,0.4775,0.1237,0.0791,0.8135,0.902
SimGCL,119,84029.03662109375,0.28478527069091797,0.3529,0.4272,0.5191,0.3529,0.3877,0.4714,0.4779,0.1235,0.0794,0.8125,0.9025
SimGCL,120,84116.52783203125,0.28382420539855957,0.3533,0.4281,0.5193,0.3533,0.3877,0.471,0.4775,0.1239,0.0794,0.8125,0.9025
SimGCL,121,84201.5400390625,0.28432703018188477,0.3534,0.4272,0.5197,0.3534,0.3883,0.4729,0.4791,0.1239,0.0795,0.8145,0.901
SimGCL,122,84037.12451171875,0.2848317623138428,0.354,0.4284,0.5196,0.354,0.3885,0.4726,0.479,0.1242,0.0796,0.8145,0.9035
SimGCL,123,84349.46142578125,0.28368544578552246,0.3543,0.429,0.5202,0.3543,0.3889,0.4733,0.4796,0.1241,0.0796,0.815,0.903
SimGCL,124,83899.7216796875,0.3673222064971924,0.3546,0.4286,0.5217,0.3546,0.3898,0.4731,0.4798,0.1242,0.0799,0.8125,0.9055
SimGCL,125,84076.9013671875,0.28478193283081055,0.3553,0.43,0.5226,0.3553,0.3903,0.4739,0.4803,0.1246,0.0801,0.8155,0.9055
SimGCL,126,83866.474609375,0.2851743698120117,0.3552,0.4298,0.5222,0.3552,0.3901,0.4741,0.4805,0.1245,0.08,0.816,0.9055
SimGCL,127,84208.38232421875,0.2853708267211914,0.3558,0.4309,0.5232,0.3558,0.3907,0.4746,0.4808,0.1248,0.0802,0.818,0.9065
SimGCL,128,83952.59521484375,0.28500986099243164,0.3558,0.431,0.5233,0.3558,0.3907,0.474,0.4804,0.1249,0.0802,0.817,0.907
SimGCL,129,84062.2412109375,0.28769421577453613,0.3557,0.4309,0.5244,0.3557,0.3912,0.474,0.4805,0.1247,0.0804,0.8165,0.9075
SimGCL,130,83862.755859375,0.28417205810546875,0.3564,0.4325,0.525,0.3564,0.3913,0.4743,0.4805,0.1254,0.0804,0.8195,0.908
SimGCL,131,83938.57666015625,0.28400444984436035,0.3558,0.4312,0.5255,0.3558,0.3915,0.4746,0.4809,0.1249,0.0806,0.818,0.9075
SimGCL,132,84080.49609375,0.2841174602508545,0.3569,0.4326,0.5254,0.3569,0.3921,0.4754,0.4817,0.1254,0.0806,0.8185,0.9075
SimGCL,133,84156.98583984375,0.2872769832611084,0.3576,0.4339,0.5263,0.3576,0.3925,0.4756,0.4818,0.1258,0.0807,0.82,0.9075
SimGCL,134,83936.80029296875,0.2837686538696289,0.3572,0.4338,0.5256,0.3572,0.3921,0.4749,0.4811,0.1258,0.0807,0.8205,0.9085
SimGCL,135,84108.91943359375,0.28345155715942383,0.3572,0.4332,0.5264,0.3572,0.3926,0.4755,0.4818,0.1254,0.0808,0.82,0.907
SimGCL,136,83967.40673828125,0.2843017578125,0.358,0.4342,0.526,0.358,0.3928,0.4762,0.4825,0.126,0.0807,0.821,0.909
SimGCL,137,83998.08154296875,0.2849159240722656,0.3579,0.4341,0.5274,0.3579,0.3932,0.476,0.4822,0.1258,0.0809,0.8215,0.9085
SimGCL,138,83852.9755859375,0.2841668128967285,0.3583,0.435,0.528,0.3583,0.3935,0.4757,0.4821,0.1261,0.0811,0.8195,0.909
SimGCL,139,83855.5361328125,0.28298354148864746,0.3587,0.4355,0.5278,0.3587,0.3936,0.4761,0.4824,0.1264,0.081,0.8215,0.909
SimGCL,140,83797.96435546875,0.28334760665893555,0.3597,0.4364,0.5283,0.3597,0.3945,0.4775,0.4837,0.1267,0.0812,0.822,0.909
SimGCL,141,83477.99462890625,0.28522825241088867,0.3598,0.4365,0.5285,0.3598,0.3947,0.4781,0.4844,0.1266,0.0812,0.8215,0.9105
SimGCL,142,83971.29931640625,0.2840433120727539,0.3608,0.438,0.5289,0.3608,0.3951,0.4783,0.4845,0.1274,0.0812,0.823,0.911
SimGCL,143,83710.53662109375,0.2830538749694824,0.3608,0.4377,0.5293,0.3608,0.3954,0.4785,0.4847,0.1272,0.0813,0.8235,0.91
SimGCL,144,83774.1884765625,0.2858927249908447,0.361,0.4378,0.5294,0.361,0.3957,0.4788,0.4849,0.1271,0.0813,0.823,0.909
SimGCL,145,83514.18701171875,0.2976539134979248,0.3614,0.4382,0.53,0.3614,0.3961,0.4796,0.4856,0.1273,0.0815,0.8245,0.9095
SimGCL,146,84042.0595703125,0.2853658199310303,0.3618,0.4386,0.5296,0.3618,0.3962,0.4801,0.4862,0.1275,0.0814,0.8245,0.91
SimGCL,147,83677.06591796875,0.27887511253356934,0.3626,0.4398,0.5302,0.3626,0.3967,0.4809,0.4869,0.1279,0.0815,0.8255,0.9105
SimGCL,148,83730.119140625,0.2791750431060791,0.3625,0.4393,0.531,0.3625,0.3972,0.4809,0.487,0.1277,0.0817,0.8255,0.911
SimGCL,149,83751.88525390625,0.2781860828399658,0.3628,0.4402,0.5313,0.3628,0.3973,0.4806,0.4866,0.1279,0.0817,0.826,0.9105
SimGCL,150,83853.5029296875,0.27857542037963867,0.3628,0.4402,0.5312,0.3628,0.3973,0.4806,0.4866,0.1279,0.0817,0.8255,0.9095
SimGCL,151,83579.79736328125,0.2827489376068115,0.3634,0.4404,0.5315,0.3634,0.398,0.4827,0.4887,0.128,0.0818,0.827,0.9115
SimGCL,152,83774.98828125,0.28621411323547363,0.3628,0.4395,0.5328,0.3628,0.398,0.4816,0.4878,0.1277,0.0819,0.8255,0.9125
SimGCL,153,83774.34619140625,0.36882805824279785,0.3635,0.441,0.5329,0.3635,0.3983,0.4818,0.4879,0.1282,0.082,0.8265,0.9125
SimGCL,154,83831.8212890625,0.28806185722351074,0.3639,0.441,0.5337,0.3639,0.399,0.4833,0.4896,0.1282,0.0821,0.825,0.9135
SimGCL,155,83857.3720703125,0.28533458709716797,0.3638,0.4408,0.5337,0.3638,0.3989,0.4824,0.4886,0.1281,0.0821,0.825,0.912
SimGCL,156,83679.498046875,0.2844672203063965,0.3637,0.4411,0.5341,0.3637,0.3989,0.4823,0.4885,0.1281,0.0821,0.826,0.9135
SimGCL,157,83583.8388671875,0.2836008071899414,0.3641,0.4419,0.5342,0.3641,0.399,0.4828,0.4889,0.1284,0.0821,0.827,0.912
SimGCL,158,83561.95947265625,0.2846524715423584,0.3645,0.442,0.5346,0.3645,0.3995,0.4832,0.4893,0.1286,0.0822,0.8275,0.914
SimGCL,159,83424.97607421875,0.28707408905029297,0.3643,0.4419,0.5354,0.3643,0.3996,0.4829,0.489,0.1285,0.0823,0.828,0.914
SimGCL,160,83587.57470703125,0.2840871810913086,0.3644,0.4416,0.536,0.3644,0.4,0.4827,0.4889,0.1283,0.0824,0.826,0.913
SimGCL,161,83420.19873046875,0.28667116165161133,0.365,0.4423,0.5355,0.365,0.4002,0.4838,0.4899,0.1288,0.0823,0.828,0.9135
SimGCL,162,83445.52978515625,0.2852671146392822,0.3652,0.4418,0.5358,0.3652,0.4007,0.4849,0.491,0.1285,0.0824,0.8285,0.9135
SimGCL,163,83694.83349609375,0.28545141220092773,0.3655,0.4426,0.536,0.3655,0.4007,0.4844,0.4905,0.1288,0.0824,0.8285,0.914
SimGCL,164,83432.4921875,0.2884330749511719,0.3651,0.4418,0.5367,0.3651,0.401,0.4843,0.4903,0.1285,0.0825,0.8295,0.9145
SimGCL,165,83201.38671875,0.2821676731109619,0.366,0.4427,0.5365,0.366,0.4013,0.4855,0.4913,0.1289,0.0825,0.832,0.9145
SimGCL,166,83679.12158203125,0.2869443893432617,0.3659,0.4422,0.536,0.3659,0.4015,0.486,0.4921,0.1286,0.0825,0.8285,0.914
SimGCL,167,83417.59521484375,0.294339656829834,0.3662,0.4428,0.537,0.3662,0.4018,0.4856,0.4914,0.1289,0.0826,0.831,0.914
SimGCL,168,83509.73046875,0.2938387393951416,0.3666,0.4432,0.5371,0.3666,0.4021,0.486,0.4921,0.129,0.0827,0.8305,0.9165
SimGCL,169,83395.4404296875,0.2903444766998291,0.3668,0.4434,0.5365,0.3668,0.402,0.487,0.4927,0.1291,0.0825,0.8335,0.9145
SimGCL,170,83393.8271484375,0.2876594066619873,0.3669,0.4431,0.5374,0.3669,0.4025,0.4865,0.4925,0.129,0.0827,0.831,0.9155
SimGCL,171,83442.43359375,0.28134942054748535,0.3673,0.4442,0.5373,0.3673,0.4025,0.4865,0.4922,0.1294,0.0827,0.833,0.914
SimGCL,172,83422.45263671875,0.27915096282958984,0.3675,0.4442,0.5376,0.3675,0.4028,0.4874,0.4931,0.1295,0.0828,0.8345,0.915
SimGCL,173,83510.06982421875,0.28013062477111816,0.3675,0.4434,0.5377,0.3675,0.4032,0.4878,0.4937,0.1293,0.0829,0.8335,0.917
SimGCL,174,83268.02099609375,0.28795909881591797,0.3675,0.4434,0.5382,0.3675,0.4033,0.4877,0.4936,0.1293,0.0829,0.833,0.916
SimGCL,175,83138.37353515625,0.28208231925964355,0.3678,0.4436,0.538,0.3678,0.4035,0.4886,0.4946,0.1292,0.0828,0.831,0.916
SimGCL,176,83161.04296875,0.2803664207458496,0.3679,0.4444,0.5384,0.3679,0.4035,0.4886,0.4946,0.1295,0.0829,0.8325,0.917
SimGCL,177,83079.2548828125,0.2797877788543701,0.3688,0.4452,0.5379,0.3688,0.404,0.49,0.4958,0.1296,0.0829,0.8335,0.916
SimGCL,178,83368.6181640625,0.28026461601257324,0.3682,0.4443,0.5387,0.3682,0.4039,0.4886,0.4946,0.1295,0.083,0.832,0.916
SimGCL,179,83440.15869140625,0.2832002639770508,0.3683,0.4452,0.5394,0.3683,0.404,0.4878,0.4937,0.1297,0.0831,0.8335,0.918
SimGCL,180,83285.3857421875,0.2901344299316406,0.3691,0.4454,0.5394,0.3691,0.4046,0.4894,0.4953,0.1298,0.083,0.833,0.916
SimGCL,181,83342.64453125,0.28377366065979004,0.3696,0.4466,0.5404,0.3696,0.405,0.4895,0.4955,0.1301,0.0832,0.8345,0.919
SimGCL,182,83108.21630859375,0.37230443954467773,0.3693,0.4459,0.5396,0.3693,0.4048,0.4893,0.4952,0.1299,0.0832,0.8345,0.918
SimGCL,183,83369.2724609375,0.2843132019042969,0.3695,0.4456,0.5409,0.3695,0.4056,0.49,0.496,0.1297,0.0834,0.8345,0.919
SimGCL,184,83235.28369140625,0.28388476371765137,0.37,0.4466,0.5405,0.37,0.4055,0.4902,0.496,0.1301,0.0833,0.8355,0.919
SimGCL,185,83243.38134765625,0.28917479515075684,0.3696,0.4467,0.5404,0.3696,0.4051,0.4894,0.4953,0.13,0.0833,0.835,0.9195
SimGCL,186,83178.4599609375,0.2852187156677246,0.3702,0.4468,0.5409,0.3702,0.4058,0.4905,0.4963,0.1301,0.0833,0.8355,0.9185
SimGCL,187,83167.48193359375,0.2834947109222412,0.37,0.4465,0.5405,0.37,0.4056,0.4901,0.4959,0.1301,0.0833,0.836,0.9185
SimGCL,188,83084.419921875,0.2830777168273926,0.3706,0.4476,0.5405,0.3706,0.4058,0.4907,0.4966,0.1303,0.0833,0.836,0.9185
SimGCL,189,83172.10693359375,0.283416748046875,0.3711,0.4486,0.5404,0.3711,0.4058,0.4907,0.4964,0.1308,0.0832,0.837,0.9175
SimGCL,190,83243.47705078125,0.2839176654815674,0.3712,0.449,0.541,0.3712,0.406,0.4906,0.4963,0.1309,0.0834,0.8365,0.918
SimGCL,191,82800.34765625,0.28569579124450684,0.3709,0.4485,0.5408,0.3709,0.406,0.4898,0.4957,0.1306,0.0834,0.835,0.9185
SimGCL,192,82992.01904296875,0.28450798988342285,0.3714,0.4492,0.5409,0.3714,0.4063,0.4909,0.4967,0.1309,0.0834,0.8365,0.9185
SimGCL,193,83203.76025390625,0.28618574142456055,0.3719,0.4497,0.5407,0.3719,0.4064,0.4916,0.4972,0.131,0.0833,0.8375,0.9185
SimGCL,194,83076.25390625,0.2881288528442383,0.3723,0.4502,0.5412,0.3723,0.4069,0.4918,0.4976,0.1312,0.0834,0.8375,0.919
SimGCL,195,83211.5810546875,0.2852296829223633,0.3728,0.4509,0.5417,0.3728,0.4073,0.4925,0.4983,0.1314,0.0835,0.837,0.9185
SimGCL,196,83198.35546875,0.28424596786499023,0.3724,0.4504,0.5413,0.3724,0.4069,0.4919,0.4977,0.1312,0.0834,0.837,0.9185
SimGCL,197,83059.95458984375,0.28569841384887695,0.3727,0.4502,0.5423,0.3727,0.4076,0.4922,0.4979,0.1313,0.0836,0.838,0.9195
SimGCL,198,83039.32275390625,0.28327393531799316,0.3733,0.4504,0.5424,0.3733,0.4083,0.4937,0.4994,0.1313,0.0837,0.8385,0.919
SimGCL,199,83072.82568359375,0.2839164733886719,0.374,0.4515,0.5422,0.374,0.4086,0.4946,0.5001,0.1317,0.0838,0.84,0.919
SimGCL,200,83029.5341796875,0.28480100631713867,0.3738,0.4505,0.542,0.3738,0.4086,0.4947,0.5004,0.1313,0.0836,0.8385,0.919
SimGCL,201,83116.54150390625,0.2852919101715088,0.3738,0.4506,0.5431,0.3738,0.409,0.4946,0.5005,0.1313,0.0838,0.8375,0.9205
SimGCL,202,82991.83837890625,0.2838890552520752,0.374,0.4504,0.5439,0.374,0.4095,0.4951,0.501,0.1313,0.0839,0.837,0.9205
SimGCL,203,83256.28564453125,0.28362417221069336,0.3742,0.451,0.5429,0.3742,0.4092,0.495,0.5006,0.1315,0.0838,0.839,0.9185
SimGCL,204,82874.23486328125,0.2856910228729248,0.3741,0.4511,0.5436,0.3741,0.4093,0.4945,0.5004,0.1315,0.0839,0.837,0.9195
SimGCL,205,82847.36572265625,0.2983994483947754,0.3748,0.4515,0.5435,0.3748,0.4098,0.4963,0.502,0.1315,0.0839,0.838,0.9195
SimGCL,206,83177.63818359375,0.2893404960632324,0.3748,0.4514,0.5436,0.3748,0.4099,0.4958,0.5016,0.1316,0.084,0.838,0.92
SimGCL,207,83064.599609375,0.28061842918395996,0.3752,0.4524,0.5433,0.3752,0.4098,0.496,0.5016,0.132,0.084,0.8395,0.92
SimGCL,208,82942.85791015625,0.27890610694885254,0.3753,0.4522,0.544,0.3753,0.4103,0.4967,0.5024,0.1319,0.084,0.84,0.9195
SimGCL,209,82995.83984375,0.28142333030700684,0.3749,0.4511,0.5442,0.3749,0.4104,0.4967,0.5025,0.1315,0.0841,0.8385,0.9195
SimGCL,210,82942.099609375,0.276716947555542,0.3754,0.4512,0.5445,0.3754,0.411,0.4972,0.503,0.1316,0.0842,0.839,0.921
SimGCL,211,82977.560546875,0.3605377674102783,0.3757,0.4514,0.5437,0.3757,0.4109,0.4982,0.504,0.1316,0.084,0.839,0.9205
SimGCL,212,83175.10693359375,0.28356242179870605,0.3764,0.4529,0.5441,0.3764,0.4113,0.4987,0.5043,0.132,0.0841,0.841,0.9215
SimGCL,213,82904.11279296875,0.28782224655151367,0.376,0.4525,0.5434,0.376,0.4107,0.4974,0.5032,0.132,0.0839,0.839,0.92
SimGCL,214,83147.052734375,0.28434014320373535,0.3767,0.4529,0.5445,0.3767,0.4116,0.499,0.5046,0.1322,0.0841,0.842,0.922
SimGCL,215,83040.7265625,0.29214000701904297,0.377,0.4532,0.5438,0.377,0.4116,0.4994,0.505,0.1323,0.084,0.8415,0.9215
SimGCL,216,82937.4501953125,0.28948497772216797,0.3775,0.4543,0.5444,0.3775,0.4119,0.4997,0.5052,0.1327,0.0841,0.843,0.9205
SimGCL,217,82754.1015625,0.2886159420013428,0.3777,0.4539,0.5453,0.3777,0.4125,0.5006,0.5061,0.1325,0.0842,0.844,0.922
SimGCL,218,83091.791015625,0.28632068634033203,0.378,0.4537,0.5449,0.378,0.4128,0.5008,0.5065,0.1326,0.0842,0.842,0.923
SimGCL,219,82904.6220703125,0.28811049461364746,0.3778,0.4539,0.5452,0.3778,0.4126,0.5006,0.5061,0.1325,0.0843,0.844,0.9215
SimGCL,220,82946.31494140625,0.284912109375,0.3788,0.4551,0.5451,0.3788,0.4132,0.5019,0.5074,0.1328,0.0843,0.8435,0.922
SimGCL,221,82848.513671875,0.2889885902404785,0.3787,0.4548,0.5458,0.3787,0.4134,0.5016,0.5072,0.1327,0.0844,0.8425,0.922
SimGCL,222,83058.8818359375,0.2840719223022461,0.3792,0.4551,0.5467,0.3792,0.414,0.5028,0.5085,0.1329,0.0845,0.843,0.9235
SimGCL,223,82935.19091796875,0.2862429618835449,0.3791,0.4546,0.5464,0.3791,0.4141,0.5028,0.5085,0.1325,0.0844,0.8425,0.9225
SimGCL,224,82900.43896484375,0.2887756824493408,0.3795,0.4553,0.5463,0.3795,0.4143,0.5032,0.5089,0.1328,0.0845,0.843,0.9235
SimGCL,225,82979.47607421875,0.28378987312316895,0.3795,0.4559,0.5469,0.3795,0.4142,0.5022,0.5078,0.1332,0.0845,0.8435,0.923
SimGCL,226,82737.77099609375,0.29228901863098145,0.3799,0.4557,0.5475,0.3799,0.4149,0.5034,0.5089,0.1331,0.0847,0.8445,0.9235
SimGCL,227,82961.29541015625,0.2991969585418701,0.38,0.4557,0.5475,0.38,0.4151,0.5041,0.5097,0.133,0.0847,0.8445,0.925
SimGCL,228,82668.1982421875,0.28880739212036133,0.3811,0.4571,0.5478,0.3811,0.4157,0.5054,0.5109,0.1334,0.0847,0.846,0.925
SimGCL,229,82953.8818359375,0.2925279140472412,0.3804,0.4565,0.5471,0.3804,0.415,0.5035,0.5092,0.1333,0.0845,0.844,0.9235
SimGCL,230,82958.82373046875,0.2937660217285156,0.3803,0.4566,0.547,0.3803,0.4148,0.5036,0.5091,0.1333,0.0845,0.8455,0.924
SimGCL,231,82607.10986328125,0.28534483909606934,0.3808,0.4564,0.5478,0.3808,0.4157,0.5046,0.5102,0.1333,0.0847,0.845,0.9245
SimGCL,232,82722.0966796875,0.28961825370788574,0.3818,0.4574,0.548,0.3818,0.4164,0.5065,0.5121,0.1335,0.0848,0.8455,0.924
SimGCL,233,82956.4794921875,0.2862541675567627,0.381,0.4565,0.5478,0.381,0.4159,0.5057,0.5115,0.1333,0.0847,0.8435,0.9255
SimGCL,234,83143.17578125,0.2840144634246826,0.3817,0.4583,0.5479,0.3817,0.416,0.5058,0.5113,0.1338,0.0848,0.846,0.924
SimGCL,235,82911.65087890625,0.2886950969696045,0.3816,0.4568,0.5484,0.3816,0.4167,0.5065,0.5121,0.1332,0.0848,0.8445,0.924
SimGCL,236,82630.17236328125,0.2891964912414551,0.3813,0.4568,0.548,0.3813,0.4163,0.5056,0.5112,0.1333,0.0847,0.845,0.925
SimGCL,237,82627.927734375,0.28414082527160645,0.3823,0.4584,0.5486,0.3823,0.4168,0.507,0.5125,0.1339,0.0849,0.847,0.925
SimGCL,238,82659.22314453125,0.28574466705322266,0.3825,0.4586,0.5482,0.3825,0.4168,0.5067,0.5123,0.1341,0.0848,0.8465,0.9255
SimGCL,239,82791.73876953125,0.286818265914917,0.3824,0.4584,0.5479,0.3824,0.4166,0.507,0.5126,0.1339,0.0847,0.8465,0.9255
SimGCL,240,82631.5830078125,0.37255287170410156,0.3828,0.4593,0.5492,0.3828,0.4172,0.5075,0.5131,0.1342,0.085,0.847,0.9255
SimGCL,241,82902.09130859375,0.2875838279724121,0.3831,0.4599,0.5483,0.3831,0.4169,0.5071,0.5126,0.1343,0.0848,0.8465,0.924
SimGCL,242,82683.85400390625,0.28743481636047363,0.3832,0.4595,0.5488,0.3832,0.4173,0.5074,0.513,0.1343,0.0849,0.8465,0.9245
SimGCL,243,82865.41064453125,0.2856917381286621,0.3839,0.4601,0.5492,0.3839,0.4179,0.5093,0.5148,0.1346,0.0849,0.8485,0.9265
SimGCL,244,82687.82275390625,0.2847170829772949,0.3838,0.4599,0.5499,0.3838,0.4181,0.5091,0.5147,0.1344,0.0851,0.847,0.926
SimGCL,245,82794.68359375,0.28639674186706543,0.3839,0.4598,0.5499,0.3839,0.4183,0.5087,0.5144,0.1344,0.0851,0.847,0.927
SimGCL,246,82908.095703125,0.28629350662231445,0.3841,0.4595,0.5498,0.3841,0.4186,0.5105,0.5161,0.1343,0.0851,0.8465,0.9265
SimGCL,247,82774.81787109375,0.28664207458496094,0.3844,0.4602,0.5495,0.3844,0.4185,0.5102,0.5156,0.1345,0.085,0.848,0.925
SimGCL,248,82826.59765625,0.28577518463134766,0.3847,0.4604,0.5503,0.3847,0.419,0.5112,0.5168,0.1344,0.0851,0.847,0.9265
SimGCL,249,82679.37890625,0.28537440299987793,0.3851,0.4612,0.5503,0.3851,0.4191,0.5115,0.5171,0.135,0.0852,0.8475,0.926
SimGCL,250,82686.58740234375,0.28725171089172363,0.3848,0.4603,0.5497,0.3848,0.4189,0.5113,0.5169,0.1346,0.085,0.847,0.925
SimGCL,251,82921.04638671875,0.2850058078765869,0.3848,0.4602,0.5507,0.3848,0.4194,0.5111,0.5169,0.1344,0.0852,0.845,0.927
SimGCL,252,82948.49658203125,0.28546881675720215,0.3849,0.4609,0.5514,0.3849,0.4195,0.5112,0.517,0.1345,0.0853,0.8455,0.9275
SimGCL,253,82860.08935546875,0.28370237350463867,0.3852,0.4614,0.5505,0.3852,0.4194,0.5108,0.5164,0.1347,0.0852,0.8475,0.9265
SimGCL,254,82676.794921875,0.2838919162750244,0.3858,0.462,0.5509,0.3858,0.4198,0.5123,0.5178,0.1351,0.0852,0.85,0.927
SimGCL,255,82824.73291015625,0.28631091117858887,0.3858,0.4613,0.5516,0.3858,0.4203,0.5125,0.5181,0.135,0.0854,0.8485,0.927
SimGCL,256,82365.55908203125,0.28964662551879883,0.3864,0.4622,0.5516,0.3864,0.4206,0.5141,0.5194,0.1352,0.0853,0.851,0.926
SimGCL,257,82815.98779296875,0.2853827476501465,0.3862,0.4619,0.5516,0.3862,0.4205,0.5131,0.5187,0.135,0.0854,0.8485,0.927
SimGCL,258,82639.81884765625,0.28380465507507324,0.3863,0.4633,0.5527,0.3863,0.4204,0.5117,0.5172,0.1355,0.0855,0.851,0.9285
SimGCL,259,82629.55859375,0.28435277938842773,0.3871,0.4631,0.5518,0.3871,0.421,0.5139,0.5192,0.1354,0.0854,0.8515,0.926
SimGCL,260,82732.0888671875,0.28386712074279785,0.3865,0.4618,0.5519,0.3865,0.421,0.5137,0.5191,0.135,0.0854,0.851,0.9265
SimGCL,261,82660.0791015625,0.2888765335083008,0.3867,0.4628,0.5534,0.3867,0.4213,0.5131,0.5186,0.1352,0.0856,0.8505,0.928
SimGCL,262,82803.29541015625,0.2906038761138916,0.3868,0.4635,0.5523,0.3868,0.4208,0.5131,0.5182,0.1355,0.0855,0.8525,0.9255
SimGCL,263,82543.2001953125,0.28639984130859375,0.387,0.4636,0.5534,0.387,0.4212,0.513,0.5183,0.1356,0.0856,0.8515,0.9265
SimGCL,264,82694.833984375,0.2850074768066406,0.3869,0.4627,0.5529,0.3869,0.4215,0.5136,0.519,0.1352,0.0857,0.851,0.927
SimGCL,265,82563.23095703125,0.2843453884124756,0.3871,0.4624,0.5537,0.3871,0.4221,0.5139,0.5192,0.135,0.0858,0.8515,0.9275
SimGCL,266,82429.9765625,0.2851567268371582,0.3871,0.4636,0.5547,0.3871,0.422,0.5133,0.5187,0.1354,0.0859,0.851,0.926
SimGCL,267,82758.96533203125,0.291595458984375,0.3874,0.4631,0.5541,0.3874,0.4222,0.5139,0.5192,0.1353,0.0858,0.852,0.9275
SimGCL,268,82585.15380859375,0.28499889373779297,0.3872,0.4622,0.5539,0.3872,0.4223,0.5139,0.5194,0.1351,0.0858,0.8505,0.928
SimGCL,269,82455.7119140625,0.3688979148864746,0.3875,0.463,0.555,0.3875,0.4227,0.5149,0.5203,0.1352,0.086,0.8515,0.927
SimGCL,270,82654.37109375,0.28882384300231934,0.388,0.4637,0.5553,0.388,0.423,0.5147,0.5201,0.1356,0.0861,0.8515,0.9275
SimGCL,271,82638.009765625,0.29523205757141113,0.3884,0.4641,0.5549,0.3884,0.4232,0.5154,0.5206,0.1356,0.086,0.854,0.9275
SimGCL,272,82390.87548828125,0.2851266860961914,0.3879,0.4636,0.555,0.3879,0.4229,0.5143,0.5196,0.1356,0.086,0.852,0.9265
SimGCL,273,82701.41162109375,0.28475499153137207,0.3886,0.4643,0.5545,0.3886,0.4231,0.5154,0.5206,0.1357,0.0859,0.8525,0.9265
SimGCL,274,82572.1689453125,0.28635334968566895,0.3886,0.4642,0.5554,0.3886,0.4234,0.5149,0.5202,0.1358,0.0861,0.8515,0.9265
SimGCL,275,82451.82421875,0.29128599166870117,0.3888,0.4653,0.5545,0.3888,0.423,0.5151,0.5202,0.1359,0.0859,0.8535,0.926
SimGCL,276,82350.57275390625,0.28975558280944824,0.3894,0.4647,0.5547,0.3894,0.4239,0.5167,0.5219,0.1359,0.086,0.853,0.926
SimGCL,277,82761.349609375,0.2998800277709961,0.3888,0.4639,0.5546,0.3888,0.4237,0.5158,0.5212,0.1356,0.086,0.8515,0.927
SimGCL,278,82441.57373046875,0.2959144115447998,0.3889,0.4645,0.555,0.3889,0.4235,0.5155,0.5207,0.1359,0.0859,0.8525,0.925
SimGCL,279,82677.70361328125,0.2965996265411377,0.3896,0.4653,0.5545,0.3896,0.4237,0.5167,0.5217,0.1363,0.0859,0.8555,0.9255
SimGCL,280,82647.62353515625,0.2991328239440918,0.3896,0.4652,0.5551,0.3896,0.424,0.517,0.522,0.1361,0.086,0.8545,0.925
SimGCL,281,82230.9189453125,0.30031394958496094,0.3894,0.465,0.5546,0.3894,0.4238,0.5162,0.5214,0.1359,0.0859,0.8535,0.926
SimGCL,282,82527.56640625,0.29126811027526855,0.3889,0.4649,0.5549,0.3889,0.4234,0.5155,0.5207,0.136,0.086,0.854,0.9255
SimGCL,283,82556.89892578125,0.2915501594543457,0.3898,0.4655,0.5547,0.3898,0.424,0.5172,0.5223,0.1361,0.0859,0.854,0.925
SimGCL,284,82487.67822265625,0.29308533668518066,0.3901,0.4661,0.5551,0.3901,0.4243,0.5163,0.5215,0.1363,0.086,0.8545,0.9255
SimGCL,285,82683.35791015625,0.28893089294433594,0.39,0.466,0.5555,0.39,0.4242,0.5175,0.5227,0.1362,0.0859,0.854,0.9255
SimGCL,286,82249.38818359375,0.2884650230407715,0.3905,0.4665,0.5548,0.3905,0.4244,0.5177,0.5228,0.1365,0.0859,0.8555,0.9255
SimGCL,287,82521.03076171875,0.2880227565765381,0.3902,0.4662,0.5552,0.3902,0.4243,0.5165,0.5216,0.1364,0.086,0.855,0.9265
SimGCL,288,82657.70556640625,0.2990434169769287,0.3905,0.4666,0.5545,0.3905,0.4242,0.518,0.5229,0.1367,0.0859,0.857,0.9245
SimGCL,289,82415.7451171875,0.2972865104675293,0.3912,0.467,0.5555,0.3912,0.4252,0.5184,0.5234,0.1367,0.0861,0.856,0.9255
SimGCL,290,82539.3427734375,0.2834341526031494,0.3909,0.4669,0.5554,0.3909,0.4249,0.5182,0.5233,0.1367,0.086,0.8555,0.926
SimGCL,291,82249.03759765625,0.2792847156524658,0.3911,0.4669,0.5568,0.3911,0.4255,0.5185,0.5236,0.1367,0.0862,0.856,0.926
SimGCL,292,82614.52197265625,0.2787363529205322,0.3909,0.4672,0.5564,0.3909,0.4251,0.5176,0.5226,0.1367,0.0862,0.8565,0.926
SimGCL,293,82631.91552734375,0.279400110244751,0.3917,0.4677,0.5561,0.3917,0.4255,0.519,0.5241,0.137,0.0861,0.8565,0.926
SimGCL,294,82300.9765625,0.27910637855529785,0.391,0.4668,0.5568,0.391,0.4255,0.5185,0.5236,0.1367,0.0863,0.8565,0.9265
SimGCL,295,82394.041015625,0.2765204906463623,0.3916,0.4665,0.5563,0.3916,0.426,0.5197,0.5248,0.1367,0.0862,0.8565,0.9265
SimGCL,296,82379.37158203125,0.27846360206604004,0.3915,0.4665,0.5564,0.3915,0.426,0.5197,0.5248,0.1366,0.0862,0.855,0.926
SimGCL,297,82733.60693359375,0.28017306327819824,0.3918,0.4675,0.5563,0.3918,0.4259,0.5199,0.525,0.1369,0.0863,0.856,0.926
SimGCL,298,82591.88037109375,0.36183762550354004,0.3915,0.4672,0.5566,0.3915,0.4257,0.5188,0.5238,0.1367,0.0861,0.857,0.9255
SimGCL,299,82554.78125,0.28145384788513184,0.3919,0.4683,0.5576,0.3919,0.426,0.5188,0.5238,0.1372,0.0863,0.8575,0.928
SimGCL,300,82462.24755859375,0.28275465965270996,0.3916,0.467,0.5578,0.3916,0.4264,0.5196,0.5247,0.1368,0.0865,0.857,0.9275
SimGCL,301,82413.38232421875,0.2783935070037842,0.3918,0.4685,0.5579,0.3918,0.4261,0.519,0.524,0.1371,0.0864,0.8575,0.927
SimGCL,302,82485.767578125,0.2767679691314697,0.3926,0.4691,0.5578,0.3926,0.4265,0.52,0.525,0.1374,0.0864,0.858,0.9275
SimGCL,303,82396.54638671875,0.2789642810821533,0.393,0.4691,0.5587,0.393,0.4273,0.5212,0.5262,0.1374,0.0866,0.858,0.928
SimGCL,304,82478.458984375,0.2812361717224121,0.3925,0.4693,0.558,0.3925,0.4265,0.519,0.5239,0.1374,0.0865,0.859,0.927
SimGCL,305,82539.27587890625,0.28170132637023926,0.3925,0.4688,0.5584,0.3925,0.4267,0.5203,0.5253,0.1374,0.0863,0.8575,0.9275
SimGCL,306,82328.31689453125,0.284243106842041,0.3928,0.47,0.5584,0.3928,0.4267,0.52,0.5248,0.1376,0.0864,0.8585,0.926
SimGCL,307,82279.009765625,0.28511476516723633,0.3928,0.4691,0.5576,0.3928,0.4267,0.5208,0.5257,0.1373,0.0863,0.8585,0.9275
SimGCL,308,82523.34375,0.2869548797607422,0.3934,0.4699,0.5584,0.3934,0.4272,0.5215,0.5266,0.1378,0.0865,0.8585,0.9285
SimGCL,309,82597.0859375,0.28592586517333984,0.3933,0.4698,0.5584,0.3933,0.4272,0.5215,0.5264,0.1375,0.0865,0.8585,0.9265
SimGCL,310,82482.04931640625,0.28589558601379395,0.393,0.469,0.5578,0.393,0.427,0.5209,0.526,0.1375,0.0864,0.8575,0.928
SimGCL,311,82526.49267578125,0.2893991470336914,0.3936,0.4694,0.5592,0.3936,0.428,0.5224,0.5275,0.1375,0.0866,0.858,0.9285
SimGCL,312,82402.1962890625,0.2877955436706543,0.3939,0.4709,0.5582,0.3939,0.4274,0.5215,0.5262,0.138,0.0864,0.8605,0.9265
SimGCL,313,82430.13037109375,0.28772401809692383,0.393,0.4689,0.5593,0.393,0.4276,0.5211,0.5262,0.1372,0.0866,0.8565,0.9265
SimGCL,314,82278.77978515625,0.2843453884124756,0.3938,0.4699,0.5596,0.3938,0.428,0.5219,0.5269,0.1378,0.0866,0.859,0.9285
SimGCL,315,82398.056640625,0.28322315216064453,0.394,0.4703,0.5605,0.394,0.4284,0.522,0.5271,0.1377,0.0867,0.8575,0.929
SimGCL,316,82536.77587890625,0.2864105701446533,0.3945,0.4713,0.5603,0.3945,0.4285,0.5225,0.5275,0.138,0.0866,0.8595,0.929
SimGCL,317,82226.36328125,0.2863743305206299,0.3943,0.4707,0.56,0.3943,0.4284,0.5226,0.5276,0.1379,0.0867,0.8585,0.929
SimGCL,318,82263.4501953125,0.28304100036621094,0.3949,0.4715,0.5591,0.3949,0.4284,0.5231,0.5279,0.1381,0.0864,0.86,0.927
SimGCL,319,82378.2880859375,0.2909841537475586,0.3946,0.4712,0.5604,0.3946,0.4287,0.5228,0.5278,0.1378,0.0867,0.859,0.9285
SimGCL,320,82388.55126953125,0.29220080375671387,0.3954,0.4725,0.5603,0.3954,0.4289,0.5237,0.5286,0.1383,0.0867,0.8605,0.929
SimGCL,321,82526.28173828125,0.2845468521118164,0.3959,0.4727,0.5605,0.3959,0.4294,0.5243,0.5291,0.1385,0.0867,0.8615,0.929
SimGCL,322,82428.509765625,0.2827138900756836,0.3953,0.4722,0.5602,0.3953,0.429,0.5233,0.5281,0.1383,0.0868,0.861,0.93
SimGCL,323,82445.4970703125,0.2783689498901367,0.3956,0.4728,0.56,0.3956,0.429,0.5233,0.5283,0.1384,0.0867,0.86,0.931
SimGCL,324,82146.39599609375,0.2805325984954834,0.3959,0.4729,0.5592,0.3959,0.429,0.5253,0.5299,0.1386,0.0866,0.862,0.927
SimGCL,325,82387.4794921875,0.28002214431762695,0.3955,0.4719,0.5605,0.3955,0.4294,0.5246,0.5295,0.1381,0.0867,0.8605,0.929
SimGCL,326,82219.7666015625,0.27747488021850586,0.3966,0.4735,0.5605,0.3966,0.4298,0.5252,0.5299,0.1387,0.0868,0.862,0.9285
SimGCL,327,82404.34130859375,0.3631901741027832,0.3961,0.4732,0.5601,0.3961,0.4293,0.5244,0.5291,0.1386,0.0867,0.8615,0.928
SimGCL,328,82321.58642578125,0.2826230525970459,0.3966,0.4733,0.5605,0.3966,0.4299,0.5262,0.5308,0.1387,0.0867,0.863,0.9285
SimGCL,329,82386.63818359375,0.279557466506958,0.3965,0.4734,0.561,0.3965,0.43,0.5258,0.5306,0.1387,0.0868,0.8605,0.928
SimGCL,330,82355.91259765625,0.2808084487915039,0.3965,0.4729,0.5611,0.3965,0.4302,0.5262,0.5311,0.1385,0.0869,0.8605,0.9295
SimGCL,331,82403.58203125,0.29057860374450684,0.3968,0.4738,0.5607,0.3968,0.43,0.5257,0.5304,0.1389,0.0868,0.863,0.9305
SimGCL,332,82156.904296875,0.28754639625549316,0.3965,0.4729,0.5612,0.3965,0.4302,0.5247,0.5296,0.1387,0.0869,0.8615,0.93
SimGCL,333,82234.78271484375,0.2866342067718506,0.3967,0.4731,0.5613,0.3967,0.4304,0.5264,0.531,0.1387,0.0869,0.863,0.9285
SimGCL,334,82243.96337890625,0.28435492515563965,0.3964,0.4719,0.5609,0.3964,0.4305,0.5272,0.5318,0.1383,0.0869,0.863,0.929
SimGCL,335,82420.69921875,0.2844676971435547,0.3969,0.473,0.5606,0.3969,0.4303,0.5265,0.5313,0.1387,0.0868,0.8615,0.928
SimGCL,336,82049.14892578125,0.2844548225402832,0.3971,0.4727,0.5618,0.3971,0.4311,0.5276,0.5324,0.1387,0.087,0.862,0.9285
SimGCL,337,82414.625,0.28525376319885254,0.3971,0.4735,0.5615,0.3971,0.4306,0.5265,0.5314,0.1389,0.0869,0.861,0.929
SimGCL,338,82211.13671875,0.28554868698120117,0.3975,0.4738,0.5621,0.3975,0.4312,0.5277,0.5325,0.1389,0.0871,0.861,0.9295
SimGCL,339,82067.75390625,0.28756046295166016,0.3971,0.4735,0.562,0.3971,0.4309,0.5263,0.531,0.1388,0.0871,0.8625,0.9285
SimGCL,340,82448.49365234375,0.284914493560791,0.3978,0.4738,0.5623,0.3978,0.4315,0.5277,0.5324,0.1391,0.0871,0.8635,0.9305
SimGCL,341,82325.20361328125,0.2846364974975586,0.3977,0.4735,0.5612,0.3977,0.4312,0.5281,0.5329,0.1389,0.0869,0.862,0.929
SimGCL,342,82208.052734375,0.28705525398254395,0.3983,0.4744,0.5625,0.3983,0.4318,0.5281,0.5328,0.1393,0.0871,0.8635,0.9295
SimGCL,343,82502.65185546875,0.2879509925842285,0.3982,0.4744,0.5628,0.3982,0.4318,0.5287,0.5331,0.1392,0.0872,0.8655,0.9285
SimGCL,344,82107.3056640625,0.2854290008544922,0.3979,0.4734,0.5632,0.3979,0.4322,0.5289,0.5338,0.1389,0.0872,0.862,0.931
SimGCL,345,82265.02490234375,0.28465771675109863,0.3981,0.4738,0.562,0.3981,0.4317,0.5285,0.5333,0.1391,0.0871,0.861,0.928
SimGCL,346,82358.01318359375,0.28554558753967285,0.398,0.4744,0.5636,0.398,0.432,0.5275,0.5322,0.1392,0.0873,0.8635,0.929
SimGCL,347,82193.68505859375,0.2869248390197754,0.398,0.4738,0.5625,0.398,0.4318,0.5284,0.5331,0.139,0.0872,0.863,0.929
SimGCL,348,82264.77685546875,0.28475117683410645,0.3982,0.4742,0.563,0.3982,0.4321,0.5275,0.5324,0.1391,0.0872,0.8615,0.9295
SimGCL,349,82337.037109375,0.2910454273223877,0.398,0.4743,0.5633,0.398,0.4321,0.5273,0.5321,0.1391,0.0873,0.863,0.9295
SimGCL,350,82450.98876953125,0.2851219177246094,0.3978,0.4746,0.5637,0.3978,0.4318,0.527,0.5318,0.1391,0.0874,0.863,0.93
SimGCL,351,82341.8720703125,0.28856897354125977,0.3985,0.4745,0.5634,0.3985,0.4324,0.5278,0.5326,0.1393,0.0873,0.862,0.929
SimGCL,352,82263.50244140625,0.29035425186157227,0.3979,0.4739,0.5638,0.3979,0.4322,0.5269,0.5317,0.1391,0.0874,0.862,0.928
SimGCL,353,82122.97216796875,0.3020601272583008,0.3987,0.4744,0.5643,0.3987,0.4329,0.5289,0.5339,0.1393,0.0875,0.862,0.931
SimGCL,354,82141.84814453125,0.2872917652130127,0.3983,0.4744,0.5647,0.3983,0.4327,0.5279,0.5327,0.1392,0.0875,0.862,0.93
SimGCL,355,82234.3193359375,0.28226399421691895,0.3984,0.4747,0.5642,0.3984,0.4325,0.5277,0.5325,0.1394,0.0875,0.8625,0.929
SimGCL,356,82344.49462890625,0.3724551200866699,0.3982,0.4748,0.5636,0.3982,0.4321,0.5262,0.5311,0.1393,0.0874,0.8615,0.929
SimGCL,357,82430.7353515625,0.28368639945983887,0.3985,0.4746,0.5641,0.3985,0.4327,0.5275,0.5324,0.1393,0.0874,0.862,0.93
SimGCL,358,82197.67236328125,0.2808091640472412,0.3985,0.4744,0.5637,0.3985,0.4326,0.5282,0.533,0.1394,0.0874,0.8625,0.9295
SimGCL,359,82263.97216796875,0.2808196544647217,0.3983,0.4746,0.5643,0.3983,0.4325,0.5262,0.5313,0.1394,0.0875,0.86,0.9305
SimGCL,360,82216.03857421875,0.2816026210784912,0.3987,0.475,0.5648,0.3987,0.4329,0.5275,0.5323,0.1396,0.0875,0.863,0.93
SimGCL,361,82224.529296875,0.2880263328552246,0.3988,0.4752,0.5647,0.3988,0.433,0.528,0.5328,0.1395,0.0876,0.864,0.9305
SimGCL,362,82286.580078125,0.2886219024658203,0.3984,0.4745,0.5653,0.3984,0.433,0.5273,0.5323,0.1394,0.0876,0.8615,0.931
SimGCL,363,82073.595703125,0.2926595211029053,0.3988,0.4752,0.5653,0.3988,0.4331,0.5275,0.5324,0.1395,0.0876,0.8625,0.9295
SimGCL,364,82344.8828125,0.28933119773864746,0.3991,0.475,0.5665,0.3991,0.4339,0.5278,0.5328,0.1396,0.0878,0.862,0.9325
SimGCL,365,82074.705078125,0.2868835926055908,0.3985,0.4749,0.5662,0.3985,0.4333,0.5267,0.5317,0.1394,0.0878,0.8615,0.9315
SimGCL,366,82301.865234375,0.28673505783081055,0.3993,0.4753,0.5663,0.3993,0.4339,0.5284,0.5334,0.1397,0.0877,0.862,0.932
SimGCL,367,82162.1064453125,0.288210391998291,0.3987,0.4748,0.5666,0.3987,0.4335,0.5269,0.5319,0.1396,0.0878,0.862,0.9305
SimGCL,368,82280.19287109375,0.28823089599609375,0.3994,0.4759,0.5672,0.3994,0.4341,0.5273,0.5323,0.1399,0.0879,0.8625,0.932
SimGCL,369,82254.423828125,0.2859964370727539,0.3994,0.4762,0.5672,0.3994,0.4339,0.5277,0.5326,0.1401,0.0879,0.863,0.9325
SimGCL,370,82191.40576171875,0.29829835891723633,0.399,0.4751,0.567,0.399,0.4338,0.5272,0.5321,0.1398,0.0879,0.8635,0.9315
SimGCL,371,82140.2783203125,0.2943100929260254,0.3994,0.4754,0.5669,0.3994,0.4342,0.5281,0.5331,0.1397,0.0879,0.863,0.9325
SimGCL,372,82276.55859375,0.2913353443145752,0.4,0.4761,0.5675,0.4,0.4347,0.5286,0.5335,0.1399,0.088,0.8635,0.932
SimGCL,373,82143.85400390625,0.2901139259338379,0.3989,0.4747,0.5677,0.3989,0.4342,0.5276,0.5326,0.1396,0.088,0.862,0.931
SimGCL,374,82138.37744140625,0.2852654457092285,0.4002,0.477,0.5666,0.4002,0.4342,0.5275,0.5325,0.1405,0.0879,0.8625,0.932
SimGCL,375,82300.59716796875,0.28504276275634766,0.3997,0.4753,0.5672,0.3997,0.4346,0.5285,0.5334,0.1399,0.088,0.864,0.9315
SimGCL,376,82074.1357421875,0.28552818298339844,0.3998,0.4765,0.5675,0.3998,0.4343,0.5277,0.5325,0.1402,0.088,0.865,0.9325
SimGCL,377,81952.77001953125,0.2919166088104248,0.3997,0.4753,0.5674,0.3997,0.4347,0.5284,0.5335,0.1399,0.088,0.863,0.933
SimGCL,378,81938.828125,0.288677453994751,0.3997,0.4754,0.5669,0.3997,0.4344,0.5285,0.5334,0.1399,0.0878,0.8635,0.932
SimGCL,379,82160.70654296875,0.28572916984558105,0.4007,0.4757,0.5668,0.4007,0.4354,0.5302,0.5353,0.1401,0.088,0.862,0.933
SimGCL,380,82334.17529296875,0.28705787658691406,0.4011,0.4767,0.5676,0.4011,0.4357,0.5301,0.535,0.1403,0.0881,0.8645,0.9325
SimGCL,381,82345.6181640625,0.28856754302978516,0.4004,0.4761,0.5682,0.4004,0.4354,0.5292,0.5342,0.1401,0.0881,0.8635,0.932
SimGCL,382,82157.955078125,0.28831028938293457,0.4009,0.4763,0.5682,0.4009,0.4358,0.5298,0.5347,0.1402,0.0881,0.864,0.9325
SimGCL,383,82047.34423828125,0.2864811420440674,0.4005,0.4756,0.5673,0.4005,0.4354,0.5294,0.5345,0.1399,0.088,0.8625,0.9325
SimGCL,384,81941.7900390625,0.28556323051452637,0.4006,0.4761,0.5673,0.4006,0.4354,0.5294,0.5345,0.1401,0.088,0.8635,0.9345
SimGCL,385,82481.0322265625,0.380246639251709,0.4004,0.4764,0.5679,0.4004,0.4352,0.5283,0.5332,0.1402,0.0881,0.8645,0.9335
SimGCL,386,82145.125,0.29889988899230957,0.4006,0.4757,0.5685,0.4006,0.436,0.5298,0.5347,0.14,0.0882,0.864,0.9335
SimGCL,387,82255.83056640625,0.28736138343811035,0.4009,0.4763,0.5671,0.4009,0.4354,0.53,0.5349,0.1403,0.088,0.865,0.9325
SimGCL,388,82277.7060546875,0.2815566062927246,0.4007,0.4766,0.5674,0.4007,0.4353,0.529,0.5338,0.1402,0.088,0.8645,0.931
SimGCL,389,81999.498046875,0.28494811058044434,0.4009,0.4764,0.569,0.4009,0.4361,0.5294,0.5342,0.1403,0.0883,0.8655,0.933
SimGCL,390,82257.39697265625,0.2798004150390625,0.4009,0.4762,0.569,0.4009,0.4362,0.5296,0.5345,0.1402,0.0883,0.8645,0.9325
SimGCL,391,82227.71484375,0.2795891761779785,0.4012,0.4766,0.5696,0.4012,0.4366,0.5299,0.5348,0.1403,0.0885,0.8655,0.9325
SimGCL,392,82372.2255859375,0.2807657718658447,0.4008,0.4761,0.5684,0.4008,0.436,0.5299,0.5347,0.1399,0.0881,0.8665,0.9335
SimGCL,393,82268.26416015625,0.281771183013916,0.4013,0.4765,0.5677,0.4013,0.436,0.5306,0.5355,0.1403,0.088,0.865,0.932
SimGCL,394,82097.251953125,0.2881925106048584,0.4013,0.4767,0.5693,0.4013,0.4366,0.5304,0.5351,0.1403,0.0884,0.8675,0.934
SimGCL,395,82148.96044921875,0.2872598171234131,0.4015,0.4765,0.5687,0.4015,0.4367,0.5314,0.5363,0.1402,0.0883,0.866,0.934
SimGCL,396,82329.10986328125,0.28842878341674805,0.4011,0.4769,0.5691,0.4011,0.4362,0.5297,0.5345,0.1404,0.0883,0.8655,0.9325
SimGCL,397,81927.90673828125,0.28861284255981445,0.4017,0.4766,0.5692,0.4017,0.4369,0.5316,0.5362,0.1402,0.0883,0.8675,0.933
SimGCL,398,82102.412109375,0.287416934967041,0.4017,0.476,0.5689,0.4017,0.4371,0.5319,0.5367,0.1402,0.0882,0.867,0.933
SimGCL,399,82203.05517578125,0.286623477935791,0.4018,0.4772,0.5688,0.4018,0.4367,0.5317,0.5364,0.1405,0.0883,0.868,0.933
SimGCL,400,82158.033203125,0.29119133949279785,0.4013,0.4767,0.5696,0.4013,0.4367,0.53,0.5348,0.1405,0.0884,0.8665,0.933
SimGCL,401,82242.58984375,0.2859070301055908,0.402,0.4784,0.5696,0.402,0.4367,0.5309,0.5355,0.1408,0.0884,0.8685,0.9325
SimGCL,402,82098.58837890625,0.2897472381591797,0.4023,0.4784,0.569,0.4023,0.4369,0.5318,0.5363,0.1407,0.0883,0.8685,0.933
SimGCL,403,82062.1123046875,0.286052942276001,0.4018,0.4772,0.5697,0.4018,0.437,0.5316,0.5363,0.1405,0.0885,0.8675,0.934
SimGCL,404,82103.3427734375,0.28739356994628906,0.402,0.4775,0.5686,0.402,0.4368,0.5315,0.5361,0.1407,0.0883,0.868,0.932
SimGCL,405,82221.669921875,0.28930044174194336,0.4019,0.4769,0.5691,0.4019,0.437,0.5324,0.5371,0.1405,0.0883,0.867,0.932
SimGCL,406,82164.59423828125,0.28414106369018555,0.4024,0.4776,0.5701,0.4024,0.4377,0.5324,0.5371,0.1406,0.0886,0.868,0.9335
SimGCL,407,82118.0927734375,0.29392051696777344,0.4021,0.4779,0.5695,0.4021,0.4371,0.5318,0.5365,0.1405,0.0884,0.8675,0.934
SimGCL,408,82164.1416015625,0.2941622734069824,0.4022,0.4784,0.5695,0.4022,0.437,0.5314,0.536,0.1409,0.0883,0.869,0.9325
SimGCL,409,81831.7587890625,0.28859925270080566,0.4025,0.4785,0.5696,0.4025,0.4372,0.5315,0.5362,0.1409,0.0884,0.868,0.933
SimGCL,410,82028.73046875,0.28276586532592773,0.4025,0.4786,0.5693,0.4025,0.437,0.5314,0.5359,0.141,0.0883,0.87,0.933
SimGCL,411,82165.42041015625,0.28085851669311523,0.4031,0.4788,0.5703,0.4031,0.438,0.5336,0.5381,0.141,0.0885,0.8705,0.9345
SimGCL,412,82133.8896484375,0.2830832004547119,0.4031,0.4793,0.5701,0.4031,0.4378,0.5326,0.5372,0.1412,0.0885,0.8695,0.933
SimGCL,413,82225.22265625,0.2814779281616211,0.4035,0.4801,0.57,0.4035,0.4378,0.5333,0.5378,0.1413,0.0885,0.87,0.934
SimGCL,414,82280.455078125,0.36388063430786133,0.4034,0.4796,0.5701,0.4034,0.4379,0.5332,0.5375,0.1414,0.0885,0.872,0.933
SimGCL,415,81904.62890625,0.2835695743560791,0.4037,0.4804,0.5699,0.4037,0.4378,0.5329,0.5373,0.1415,0.0885,0.872,0.934
SimGCL,416,82068.1630859375,0.2828352451324463,0.4028,0.4797,0.5696,0.4028,0.4371,0.5314,0.536,0.1413,0.0884,0.8695,0.9335
SimGCL,417,82247.41796875,0.2778913974761963,0.4028,0.4788,0.5692,0.4028,0.4373,0.532,0.5367,0.1411,0.0883,0.8685,0.9335
SimGCL,418,81715.720703125,0.2781250476837158,0.4034,0.4793,0.5696,0.4034,0.4378,0.5329,0.5374,0.1411,0.0884,0.87,0.932
SimGCL,419,82066.80712890625,0.29521608352661133,0.4039,0.4798,0.5699,0.4039,0.4382,0.5337,0.5383,0.1415,0.0884,0.8695,0.9335
SimGCL,420,82112.35546875,0.2901318073272705,0.4031,0.4797,0.5699,0.4031,0.4375,0.5315,0.5362,0.1413,0.0884,0.8695,0.934
SimGCL,421,82000.79736328125,0.288470983505249,0.4036,0.4797,0.5698,0.4036,0.4379,0.5325,0.5371,0.1413,0.0884,0.87,0.934
SimGCL,422,82105.150390625,0.2894768714904785,0.4029,0.4791,0.5694,0.4029,0.4374,0.5325,0.5371,0.1411,0.0884,0.87,0.9335
SimGCL,423,81964.341796875,0.2874464988708496,0.4034,0.4799,0.5706,0.4034,0.438,0.5322,0.5368,0.1413,0.0886,0.87,0.9335
SimGCL,424,82183.3037109375,0.2873053550720215,0.4034,0.4807,0.5695,0.4034,0.4373,0.5314,0.5359,0.1417,0.0883,0.8705,0.933
SimGCL,425,82071.14453125,0.28615880012512207,0.404,0.4803,0.5705,0.404,0.4384,0.533,0.5377,0.1416,0.0886,0.868,0.934
SimGCL,426,82055.091796875,0.28746700286865234,0.4035,0.4798,0.5701,0.4035,0.4379,0.5322,0.5366,0.1413,0.0885,0.8705,0.9325
SimGCL,427,81914.173828125,0.28714704513549805,0.4035,0.4805,0.5701,0.4035,0.4376,0.5317,0.5362,0.1417,0.0885,0.8705,0.9325
SimGCL,428,82017.16064453125,0.2863924503326416,0.404,0.4808,0.5708,0.404,0.4384,0.5324,0.5371,0.1417,0.0887,0.8695,0.934
SimGCL,429,81981.36328125,0.28674960136413574,0.4035,0.4802,0.5707,0.4035,0.438,0.5323,0.5368,0.1415,0.0886,0.8715,0.9345
SimGCL,430,82127.4853515625,0.28496456146240234,0.404,0.4805,0.5704,0.404,0.4381,0.5323,0.5369,0.1418,0.0885,0.8695,0.933
SimGCL,431,82003.72998046875,0.2863471508026123,0.4037,0.4803,0.571,0.4037,0.4383,0.5319,0.5365,0.1416,0.0886,0.87,0.9345
SimGCL,432,82010.74072265625,0.2842698097229004,0.4038,0.4811,0.5709,0.4038,0.438,0.5312,0.5357,0.142,0.0886,0.8715,0.9345
SimGCL,433,82218.73486328125,0.28384876251220703,0.4036,0.4806,0.5706,0.4036,0.4379,0.532,0.5365,0.1416,0.0886,0.8705,0.9325
SimGCL,434,82167.029296875,0.2844967842102051,0.4042,0.4809,0.5709,0.4042,0.4385,0.533,0.5376,0.1418,0.0886,0.8695,0.934
SimGCL,435,81915.8857421875,0.2866368293762207,0.4039,0.4809,0.5712,0.4039,0.4383,0.5316,0.5362,0.1418,0.0887,0.8705,0.935
SimGCL,436,82229.609375,0.28401732444763184,0.4039,0.4813,0.5703,0.4039,0.4378,0.5317,0.5362,0.142,0.0885,0.8705,0.9325
SimGCL,437,82205.169921875,0.2845437526702881,0.4046,0.4819,0.5708,0.4046,0.4385,0.5325,0.537,0.1421,0.0887,0.871,0.9335
SimGCL,438,82327.48974609375,0.28531622886657715,0.4039,0.4807,0.5715,0.4039,0.4384,0.5319,0.5365,0.1417,0.0887,0.8695,0.9335
SimGCL,439,81960.2607421875,0.28588247299194336,0.4045,0.4824,0.5718,0.4045,0.4385,0.5317,0.5361,0.1424,0.0887,0.8715,0.934
SimGCL,440,82221.76513671875,0.29284191131591797,0.4037,0.4817,0.5712,0.4037,0.4377,0.5305,0.535,0.1421,0.0887,0.87,0.932
SimGCL,441,81872.6591796875,0.2990398406982422,0.4041,0.4814,0.5723,0.4041,0.4386,0.5315,0.536,0.1419,0.0888,0.8705,0.933
SimGCL,442,81987.5283203125,0.2885124683380127,0.404,0.4814,0.571,0.404,0.4382,0.5308,0.5354,0.1421,0.0887,0.8705,0.9355
SimGCL,443,82159.86083984375,0.36379408836364746,0.4042,0.4821,0.5713,0.4042,0.4382,0.5313,0.5357,0.1422,0.0887,0.872,0.9325
SimGCL,444,81993.8642578125,0.2857041358947754,0.404,0.4813,0.5717,0.404,0.4385,0.5313,0.5361,0.1419,0.0888,0.8685,0.935
SimGCL,445,82031.779296875,0.282301664352417,0.4045,0.482,0.5719,0.4045,0.4387,0.5322,0.5367,0.1423,0.0888,0.871,0.934
SimGCL,446,82132.08447265625,0.27602481842041016,0.4044,0.4821,0.5719,0.4044,0.4386,0.5313,0.5359,0.1423,0.0889,0.8705,0.9345
SimGCL,447,82022.05712890625,0.27843284606933594,0.4037,0.4812,0.5718,0.4037,0.4382,0.5305,0.5351,0.1419,0.0889,0.8705,0.934
SimGCL,448,82062.4375,0.2770977020263672,0.4047,0.4822,0.5724,0.4047,0.439,0.5318,0.5366,0.1422,0.0889,0.8685,0.9335
SimGCL,449,81859.98583984375,0.2806367874145508,0.4044,0.4819,0.572,0.4044,0.4388,0.5312,0.5357,0.1421,0.0889,0.8715,0.9345
SimGCL,450,82173.51318359375,0.2773091793060303,0.4044,0.4821,0.5725,0.4044,0.4388,0.5321,0.5366,0.1422,0.0889,0.871,0.933
SimGCL,451,82053.89892578125,0.27886295318603516,0.4045,0.4822,0.5717,0.4045,0.4387,0.5315,0.536,0.1422,0.0889,0.8705,0.9325
SimGCL,452,81828.19677734375,0.2771029472351074,0.4045,0.4819,0.5724,0.4045,0.4389,0.5313,0.5359,0.1422,0.0889,0.87,0.9345
SimGCL,453,82150.345703125,0.2771937847137451,0.4042,0.4815,0.5726,0.4042,0.4389,0.5312,0.5358,0.1422,0.089,0.8705,0.9335
SimGCL,454,82300.8623046875,0.2882351875305176,0.4038,0.481,0.5728,0.4038,0.4389,0.5307,0.5352,0.1419,0.089,0.871,0.934
SimGCL,455,81716.92919921875,0.28840112686157227,0.4043,0.4818,0.5722,0.4043,0.4387,0.5314,0.5361,0.1422,0.0889,0.869,0.933
SimGCL,456,82301.01904296875,0.28952741622924805,0.4042,0.4816,0.5724,0.4042,0.4388,0.5311,0.5358,0.1421,0.089,0.87,0.934
SimGCL,457,82136.068359375,0.28533506393432617,0.4042,0.4812,0.5732,0.4042,0.4392,0.5311,0.5356,0.142,0.0892,0.871,0.933
SimGCL,458,81979.74951171875,0.28554320335388184,0.4043,0.4814,0.5725,0.4043,0.439,0.5314,0.5359,0.142,0.089,0.8705,0.932
SimGCL,459,81911.267578125,0.2868022918701172,0.4053,0.4828,0.5727,0.4053,0.4396,0.5323,0.5369,0.1425,0.089,0.871,0.934
SimGCL,460,82053.69921875,0.2859804630279541,0.405,0.4824,0.5731,0.405,0.4396,0.5319,0.5365,0.1422,0.0891,0.8695,0.9335
SimGCL,461,81994.52685546875,0.28493714332580566,0.4051,0.4821,0.5726,0.4051,0.4395,0.5325,0.537,0.1423,0.089,0.8715,0.933
SimGCL,462,82065.203125,0.2833700180053711,0.4046,0.4819,0.573,0.4046,0.4393,0.5317,0.5362,0.1422,0.0891,0.8715,0.9335
SimGCL,463,81956.14892578125,0.28740382194519043,0.4055,0.4833,0.5737,0.4055,0.44,0.5326,0.5371,0.1426,0.0892,0.872,0.9335
SimGCL,464,81915.73828125,0.2864189147949219,0.4053,0.4828,0.5729,0.4053,0.4397,0.532,0.5366,0.1423,0.089,0.87,0.9335
SimGCL,465,82000.89892578125,0.2833743095397949,0.4052,0.4825,0.5732,0.4052,0.4398,0.5325,0.537,0.1423,0.0891,0.871,0.9325
SimGCL,466,81737.67333984375,0.2877631187438965,0.406,0.4832,0.574,0.406,0.4406,0.5337,0.538,0.1426,0.0894,0.873,0.933
SimGCL,467,82014.87158203125,0.2890336513519287,0.4052,0.4833,0.573,0.4052,0.4394,0.5319,0.5363,0.1425,0.0891,0.8725,0.9335
SimGCL,468,82022.66943359375,0.29369592666625977,0.4055,0.4838,0.5737,0.4055,0.4397,0.5322,0.5366,0.1428,0.0892,0.872,0.934
SimGCL,469,82011.83154296875,0.2913217544555664,0.4056,0.483,0.5732,0.4056,0.44,0.5334,0.538,0.1424,0.0891,0.871,0.934
SimGCL,470,81864.080078125,0.28600168228149414,0.4057,0.4832,0.573,0.4057,0.44,0.5325,0.537,0.1426,0.0892,0.8715,0.9345
SimGCL,471,82028.80029296875,0.28518176078796387,0.4061,0.4834,0.5742,0.4061,0.4407,0.5336,0.538,0.1426,0.0893,0.872,0.9335
SimGCL,472,81897.099609375,0.36358094215393066,0.4065,0.4846,0.5738,0.4065,0.4404,0.5335,0.5378,0.143,0.0892,0.8735,0.933
SimGCL,473,82072.3583984375,0.29201388359069824,0.406,0.4834,0.5733,0.406,0.4402,0.5332,0.5375,0.1428,0.0892,0.873,0.933
SimGCL,474,82092.2490234375,0.28533244132995605,0.4061,0.4846,0.5732,0.4061,0.4399,0.5326,0.5369,0.143,0.0891,0.873,0.9325
SimGCL,475,81796.9794921875,0.2876114845275879,0.4063,0.4845,0.5745,0.4063,0.4406,0.5326,0.537,0.1429,0.0893,0.872,0.934
SimGCL,476,82112.64697265625,0.2859227657318115,0.4063,0.4834,0.5736,0.4063,0.4406,0.5332,0.5376,0.1426,0.0892,0.873,0.9345
SimGCL,477,81817.267578125,0.28374505043029785,0.406,0.4843,0.5741,0.406,0.4402,0.5321,0.5366,0.1429,0.0893,0.872,0.933
SimGCL,478,82011.07177734375,0.28323888778686523,0.4059,0.4843,0.5742,0.4059,0.4401,0.5314,0.5359,0.1429,0.0893,0.872,0.934
SimGCL,479,81963.8134765625,0.28580784797668457,0.4062,0.4849,0.5748,0.4062,0.4404,0.532,0.5364,0.1433,0.0895,0.874,0.9355
SimGCL,480,82059.212890625,0.28653788566589355,0.4069,0.4848,0.5738,0.4069,0.4407,0.5338,0.5381,0.1431,0.0892,0.874,0.933
SimGCL,481,82227.29345703125,0.283689022064209,0.4064,0.4841,0.5752,0.4064,0.441,0.533,0.5374,0.1429,0.0895,0.8735,0.9345
SimGCL,482,81915.5224609375,0.28260207176208496,0.407,0.4858,0.5745,0.407,0.4408,0.533,0.5373,0.1435,0.0895,0.8745,0.934
SimGCL,483,81971.60009765625,0.28481173515319824,0.4066,0.4848,0.5755,0.4066,0.4412,0.533,0.5375,0.143,0.0896,0.873,0.9345
SimGCL,484,81951.04443359375,0.28352832794189453,0.4067,0.4851,0.5749,0.4067,0.4408,0.5325,0.5369,0.1433,0.0895,0.874,0.936
SimGCL,485,81963.95947265625,0.2841987609863281,0.4068,0.4852,0.5739,0.4068,0.4406,0.5318,0.5361,0.1433,0.0892,0.874,0.934
SimGCL,486,81648.32275390625,0.2836794853210449,0.4064,0.4847,0.576,0.4064,0.4411,0.5322,0.5367,0.1431,0.0897,0.8735,0.936
SimGCL,487,82034.259765625,0.29027771949768066,0.4064,0.4846,0.5757,0.4064,0.4411,0.5325,0.537,0.143,0.0896,0.872,0.934
SimGCL,488,81977.158203125,0.29065418243408203,0.4065,0.4849,0.5754,0.4065,0.4409,0.5321,0.5365,0.1432,0.0896,0.8735,0.9365
SimGCL,489,81872.2724609375,0.2886629104614258,0.4066,0.4846,0.5756,0.4066,0.4412,0.5323,0.5367,0.1432,0.0896,0.8735,0.9345
SimGCL,490,82024.00830078125,0.30161166191101074,0.407,0.4851,0.5761,0.407,0.4416,0.5326,0.537,0.1433,0.0898,0.874,0.9365
SimGCL,491,81836.55322265625,0.289104700088501,0.4063,0.4846,0.576,0.4063,0.4411,0.532,0.5363,0.143,0.0897,0.875,0.9365
SimGCL,492,82088.5927734375,0.28064942359924316,0.407,0.4859,0.575,0.407,0.4409,0.5324,0.5367,0.1435,0.0895,0.8745,0.935
SimGCL,493,81898.875,0.2801339626312256,0.4059,0.4845,0.5761,0.4059,0.4408,0.5307,0.5351,0.1429,0.0897,0.8735,0.935
SimGCL,494,81860.6064453125,0.2787923812866211,0.4067,0.4844,0.5767,0.4067,0.4417,0.5329,0.5373,0.143,0.0898,0.8745,0.937
SimGCL,495,82254.73046875,0.2832779884338379,0.4065,0.4849,0.5758,0.4065,0.441,0.5311,0.5355,0.1432,0.0896,0.8735,0.936
SimGCL,496,81880.4091796875,0.27860116958618164,0.4066,0.485,0.5761,0.4066,0.4412,0.5321,0.5364,0.1432,0.0897,0.875,0.9365
SimGCL,497,82104.345703125,0.27815961837768555,0.4067,0.4854,0.5758,0.4067,0.4411,0.5317,0.5361,0.1434,0.0896,0.874,0.936
SimGCL,498,82137.86328125,0.2798142433166504,0.4066,0.4854,0.5764,0.4066,0.4411,0.5312,0.5355,0.1435,0.0898,0.8755,0.937
SimGCL,499,81853.0966796875,0.28186774253845215,0.4064,0.4855,0.576,0.4064,0.4408,0.5309,0.5353,0.1433,0.0897,0.874,0.936
SimGCL,500,82155.6513671875,0.27853918075561523,0.4071,0.4864,0.5772,0.4071,0.4416,0.5317,0.536,0.1437,0.0899,0.8765,0.937
