Model,Epoch,train_loss,epoch_time_s,valid_score,recall@10,recall@20,ndcg@10,ndcg@20,mrr@10,mrr@20,precision@10,precision@20,hit@10,hit@20
SimGCL,1,57713.2060546875,0.39329099655151367,0.1055,0.1659,0.2316,0.1055,0.1239,0.1022,0.1087,0.0235,0.0167,0.224,0.317
SimGCL,2,53477.1005859375,0.17740249633789062,0.1404,0.2184,0.2874,0.1404,0.1599,0.1356,0.1421,0.0305,0.0205,0.2935,0.386
SimGCL,3,51665.44970703125,0.18621277809143066,0.1699,0.2614,0.3461,0.1699,0.1936,0.1643,0.1719,0.0365,0.0249,0.3485,0.461
SimGCL,4,50771.57177734375,0.17384052276611328,0.1957,0.2962,0.392,0.1957,0.223,0.1911,0.1999,0.0414,0.0284,0.393,0.521
SimGCL,5,49727.09228515625,0.17126250267028809,0.2229,0.333,0.4321,0.2229,0.2513,0.2185,0.2278,0.0467,0.0316,0.4375,0.572
SimGCL,6,49046.3017578125,0.16359949111938477,0.2471,0.3639,0.465,0.2471,0.276,0.2441,0.2532,0.0511,0.0339,0.4785,0.61
SimGCL,7,48543.46728515625,0.16312694549560547,0.2673,0.3909,0.4889,0.2673,0.2956,0.2644,0.2732,0.0551,0.0358,0.512,0.6375
SimGCL,8,47951.962890625,0.1632838249206543,0.2865,0.4169,0.5113,0.2865,0.3141,0.284,0.2927,0.0586,0.0376,0.541,0.6645
SimGCL,9,47643.7734375,0.16382861137390137,0.3044,0.4382,0.5325,0.3044,0.3321,0.3032,0.3114,0.0618,0.0393,0.5695,0.6885
SimGCL,10,47122.86669921875,0.16872763633728027,0.3203,0.4557,0.549,0.3203,0.3475,0.3203,0.3283,0.0645,0.0405,0.5905,0.7065
SimGCL,11,46850.60986328125,0.1639392375946045,0.3338,0.471,0.563,0.3338,0.3609,0.3354,0.3434,0.0669,0.0418,0.607,0.722
SimGCL,12,46531.77490234375,0.16435456275939941,0.3463,0.4838,0.5757,0.3463,0.3737,0.3501,0.3581,0.0688,0.0428,0.6225,0.7365
SimGCL,13,46313.5791015625,0.163679838180542,0.3575,0.4957,0.5872,0.3575,0.3849,0.3625,0.3706,0.0704,0.0438,0.6365,0.751
SimGCL,14,46176.75634765625,0.16325998306274414,0.3666,0.5047,0.6038,0.3666,0.3961,0.3733,0.3818,0.0718,0.0451,0.646,0.768
SimGCL,15,45838.771484375,0.16725564002990723,0.377,0.5187,0.615,0.377,0.4056,0.3831,0.3913,0.0738,0.0458,0.662,0.7795
SimGCL,16,45740.33935546875,0.16464829444885254,0.385,0.5306,0.626,0.385,0.4134,0.3906,0.3987,0.0758,0.0467,0.676,0.7915
SimGCL,17,45488.884765625,0.16347289085388184,0.3941,0.5412,0.6338,0.3941,0.4218,0.4001,0.4079,0.0773,0.0474,0.688,0.799
SimGCL,18,45328.080078125,0.16360712051391602,0.4026,0.5497,0.6406,0.4026,0.4298,0.4097,0.4174,0.0789,0.048,0.6975,0.8075
SimGCL,19,45126.22705078125,0.1715090274810791,0.4109,0.5589,0.6498,0.4109,0.4381,0.4186,0.426,0.0804,0.0489,0.71,0.816
SimGCL,20,45118.2841796875,0.16904020309448242,0.4192,0.5678,0.6568,0.4192,0.446,0.4276,0.4347,0.0817,0.0495,0.7215,0.824
SimGCL,21,44936.98828125,0.16553759574890137,0.4251,0.5745,0.6641,0.4251,0.4521,0.4338,0.4407,0.0828,0.0501,0.7285,0.829
SimGCL,22,45017.09228515625,0.16354155540466309,0.4308,0.5801,0.6683,0.4308,0.4575,0.4401,0.4471,0.0837,0.0505,0.736,0.836
SimGCL,23,44814.22314453125,0.1632370948791504,0.4364,0.5868,0.6781,0.4364,0.4637,0.4456,0.4527,0.0848,0.0513,0.7425,0.846
SimGCL,24,44646.24658203125,0.27818918228149414,0.4414,0.5921,0.6848,0.4414,0.4694,0.4508,0.458,0.0855,0.0519,0.7475,0.8515
SimGCL,25,44294.32421875,0.163360595703125,0.4451,0.5954,0.6878,0.4451,0.4732,0.4555,0.4628,0.086,0.0522,0.7525,0.856
SimGCL,26,44377.890625,0.16482996940612793,0.4507,0.6021,0.6918,0.4507,0.4781,0.4609,0.468,0.0872,0.0526,0.76,0.86
SimGCL,27,44310.75439453125,0.17309832572937012,0.4538,0.6052,0.6948,0.4538,0.4814,0.4649,0.4717,0.0877,0.0528,0.7675,0.8625
SimGCL,28,44166.12646484375,0.16796469688415527,0.4606,0.6135,0.6998,0.4606,0.4871,0.4717,0.4781,0.0893,0.0534,0.776,0.867
SimGCL,29,44218.240234375,0.1631324291229248,0.4635,0.6148,0.7016,0.4635,0.4902,0.4754,0.4819,0.0895,0.0535,0.779,0.869
SimGCL,30,44113.4580078125,0.16426849365234375,0.4663,0.6199,0.7052,0.4663,0.4926,0.4776,0.4837,0.0904,0.0538,0.785,0.8695
SimGCL,31,43858.78662109375,0.17353248596191406,0.4708,0.6246,0.7071,0.4708,0.4962,0.4823,0.4881,0.0914,0.054,0.7915,0.8725
SimGCL,32,44026.58740234375,0.1710202693939209,0.4738,0.6292,0.7109,0.4738,0.4989,0.4846,0.4901,0.0921,0.0543,0.797,0.873
SimGCL,33,44078.50244140625,0.16491150856018066,0.4758,0.6318,0.7133,0.4758,0.5009,0.4864,0.4921,0.0927,0.0546,0.798,0.8775
SimGCL,34,43681.20361328125,0.1616840362548828,0.4802,0.6339,0.7157,0.4802,0.5055,0.4926,0.4983,0.0931,0.0548,0.801,0.8795
SimGCL,35,43858.78076171875,0.16171669960021973,0.483,0.6378,0.7188,0.483,0.5081,0.4945,0.5002,0.0937,0.0551,0.8025,0.8815
SimGCL,36,43421.13330078125,0.16082286834716797,0.4855,0.6416,0.7214,0.4855,0.5101,0.4966,0.5021,0.0944,0.0553,0.807,0.8835
SimGCL,37,43783.52197265625,0.16218161582946777,0.4905,0.6476,0.723,0.4905,0.5138,0.5018,0.5069,0.0955,0.0555,0.814,0.8855
SimGCL,38,43425.9921875,0.16060137748718262,0.4922,0.6493,0.7261,0.4922,0.5159,0.5038,0.509,0.0957,0.0557,0.815,0.8885
SimGCL,39,43807.40576171875,0.16667628288269043,0.4951,0.6528,0.7298,0.4951,0.5188,0.5065,0.5115,0.0964,0.0561,0.8195,0.891
SimGCL,40,43679.052734375,0.16117215156555176,0.4975,0.6563,0.7311,0.4975,0.5205,0.5089,0.5136,0.097,0.0562,0.825,0.893
SimGCL,41,43498.84521484375,0.1620616912841797,0.5011,0.6606,0.7334,0.5011,0.5236,0.5128,0.5173,0.0978,0.0565,0.83,0.8955
SimGCL,42,43356.12646484375,0.1605076789855957,0.503,0.6613,0.7351,0.503,0.5259,0.5152,0.5198,0.0978,0.0567,0.83,0.8965
SimGCL,43,43382.982421875,0.16145849227905273,0.5052,0.664,0.7392,0.5052,0.5285,0.5174,0.5219,0.0984,0.0571,0.833,0.899
SimGCL,44,43260.02197265625,0.15999245643615723,0.5064,0.6652,0.7419,0.5064,0.5303,0.5189,0.5236,0.0985,0.0574,0.8335,0.9025
SimGCL,45,43161.40185546875,0.1627025604248047,0.5079,0.6668,0.7431,0.5079,0.5316,0.5206,0.5252,0.0988,0.0574,0.8355,0.9025
SimGCL,46,43289.9599609375,0.16051197052001953,0.5099,0.6678,0.7452,0.5099,0.5341,0.5232,0.5279,0.0989,0.0577,0.8365,0.905
SimGCL,47,43255.15576171875,0.16280341148376465,0.5116,0.6699,0.7465,0.5116,0.5354,0.5246,0.5292,0.0994,0.0579,0.838,0.9045
SimGCL,48,43066.83447265625,0.16064715385437012,0.5136,0.6712,0.7485,0.5136,0.5377,0.527,0.5318,0.0997,0.058,0.8395,0.9075
SimGCL,49,43111.69677734375,0.16239619255065918,0.5154,0.6733,0.7516,0.5154,0.5398,0.5288,0.5335,0.0999,0.0583,0.8405,0.9085
SimGCL,50,42971.66845703125,0.16065025329589844,0.5178,0.675,0.7532,0.5178,0.5422,0.5319,0.5367,0.1002,0.0585,0.842,0.91
SimGCL,51,42877.7646484375,0.1629941463470459,0.5198,0.6767,0.7553,0.5198,0.5442,0.534,0.539,0.1006,0.0586,0.843,0.913
SimGCL,52,43049.06103515625,0.262131929397583,0.5205,0.6781,0.7566,0.5205,0.545,0.5342,0.539,0.1008,0.0588,0.8445,0.9135
SimGCL,53,43056.89453125,0.1635427474975586,0.5227,0.6795,0.7577,0.5227,0.5471,0.5373,0.5423,0.1012,0.0589,0.8455,0.916
SimGCL,54,42880.884765625,0.16244101524353027,0.5242,0.6818,0.759,0.5242,0.5483,0.5383,0.5432,0.1016,0.0591,0.848,0.9175
SimGCL,55,42844.05419921875,0.16511964797973633,0.5247,0.6823,0.7593,0.5247,0.5489,0.539,0.5438,0.1017,0.0592,0.8485,0.918
SimGCL,56,42735.9013671875,0.1626436710357666,0.5266,0.6845,0.7633,0.5266,0.551,0.5412,0.546,0.1021,0.0595,0.8515,0.9215
SimGCL,57,42888.6923828125,0.1632540225982666,0.527,0.6847,0.7633,0.527,0.5515,0.5417,0.5465,0.1022,0.0595,0.8515,0.9215
SimGCL,58,42732.8623046875,0.16202950477600098,0.5282,0.6863,0.7643,0.5282,0.5526,0.5429,0.5478,0.1024,0.0597,0.852,0.9215
SimGCL,59,42769.89306640625,0.16480565071105957,0.529,0.687,0.7647,0.529,0.5535,0.5435,0.5484,0.1025,0.0597,0.853,0.9215
SimGCL,60,42885.56982421875,0.1623692512512207,0.5313,0.6893,0.7651,0.5313,0.5552,0.5463,0.5511,0.1029,0.0598,0.855,0.9215
SimGCL,61,42702.74365234375,0.1636202335357666,0.5315,0.6894,0.7667,0.5315,0.5559,0.5465,0.5513,0.103,0.0599,0.8555,0.9225
SimGCL,62,42838.56005859375,0.16560077667236328,0.5329,0.6914,0.7673,0.5329,0.5569,0.5481,0.553,0.1034,0.06,0.8565,0.924
SimGCL,63,42712.9765625,0.1703639030456543,0.5351,0.6924,0.7681,0.5351,0.5591,0.5513,0.5561,0.1036,0.0601,0.858,0.9245
SimGCL,64,42748.33837890625,0.16285943984985352,0.5362,0.6933,0.7697,0.5362,0.5603,0.5526,0.5575,0.1038,0.0603,0.8575,0.926
SimGCL,65,42652.77783203125,0.16392970085144043,0.5371,0.6944,0.7687,0.5371,0.5606,0.553,0.5577,0.1041,0.0602,0.8595,0.925
SimGCL,66,42550.8955078125,0.16263318061828613,0.5395,0.697,0.7714,0.5395,0.5629,0.5557,0.5604,0.1045,0.0604,0.8625,0.927
SimGCL,67,42656.86669921875,0.16360902786254883,0.5405,0.6985,0.7726,0.5405,0.5639,0.5562,0.5608,0.1048,0.0606,0.8635,0.928
SimGCL,68,42575.3349609375,0.16156220436096191,0.5416,0.7009,0.7728,0.5416,0.5643,0.5572,0.5616,0.1053,0.0606,0.867,0.9275
SimGCL,69,42597.66552734375,0.1631162166595459,0.5426,0.7014,0.7741,0.5426,0.5655,0.5581,0.5626,0.1053,0.0607,0.8665,0.9285
SimGCL,70,42628.892578125,0.1655445098876953,0.5434,0.7022,0.7753,0.5434,0.5665,0.5589,0.5632,0.1056,0.0609,0.869,0.9295
SimGCL,71,42630.1865234375,0.16339731216430664,0.5442,0.7037,0.7763,0.5442,0.5671,0.5594,0.5638,0.1057,0.0609,0.869,0.9305
SimGCL,72,42414.755859375,0.1632862091064453,0.5466,0.7054,0.7765,0.5466,0.5691,0.5618,0.566,0.1062,0.061,0.871,0.9305
SimGCL,73,42539.0966796875,0.1688997745513916,0.5465,0.7063,0.7777,0.5465,0.569,0.5615,0.5656,0.1065,0.0611,0.8735,0.9315
SimGCL,74,42306.1171875,0.16341018676757812,0.5473,0.7052,0.7793,0.5473,0.5707,0.563,0.5673,0.1062,0.0613,0.8715,0.9315
SimGCL,75,42423.67919921875,0.16304588317871094,0.5482,0.7057,0.7796,0.5482,0.5716,0.5643,0.5686,0.1063,0.0613,0.873,0.9325
SimGCL,76,42436.16455078125,0.16544651985168457,0.5495,0.7071,0.7801,0.5495,0.5726,0.5657,0.5699,0.1065,0.0614,0.875,0.934
SimGCL,77,42459.009765625,0.17705297470092773,0.551,0.7085,0.7807,0.551,0.5738,0.5671,0.5712,0.1068,0.0614,0.875,0.933
SimGCL,78,42622.2333984375,0.1672191619873047,0.5517,0.7104,0.7826,0.5517,0.5746,0.5675,0.5715,0.107,0.0616,0.8775,0.934
SimGCL,79,42290.9990234375,0.1649491786956787,0.5527,0.7118,0.7824,0.5527,0.5751,0.5685,0.5724,0.1073,0.0616,0.879,0.9345
SimGCL,80,42370.11328125,0.1632823944091797,0.553,0.7111,0.7835,0.553,0.5759,0.5691,0.5732,0.1073,0.0617,0.878,0.935
SimGCL,81,42602.85693359375,0.26625823974609375,0.5536,0.7128,0.7835,0.5536,0.5761,0.569,0.5731,0.1075,0.0617,0.879,0.9355
SimGCL,82,42243.40283203125,0.1631937026977539,0.5545,0.7132,0.7847,0.5545,0.5771,0.5708,0.5748,0.1077,0.0618,0.88,0.936
SimGCL,83,42317.7275390625,0.16406869888305664,0.5552,0.7133,0.7846,0.5552,0.5778,0.5712,0.5751,0.1078,0.0619,0.881,0.936
SimGCL,84,42229.70166015625,0.16341209411621094,0.5564,0.7157,0.7866,0.5564,0.5788,0.5721,0.576,0.1081,0.062,0.8825,0.937
SimGCL,85,42264.99609375,0.1646108627319336,0.5572,0.7161,0.7876,0.5572,0.5798,0.5735,0.5774,0.1082,0.0621,0.883,0.938
SimGCL,86,42322.15673828125,0.16341042518615723,0.5577,0.7157,0.7874,0.5577,0.5805,0.5742,0.5782,0.1081,0.0622,0.882,0.9375
SimGCL,87,42311.849609375,0.16437482833862305,0.5581,0.7173,0.7885,0.5581,0.5807,0.5742,0.578,0.1084,0.0622,0.885,0.9385
SimGCL,88,42272.62109375,0.16342926025390625,0.5592,0.7187,0.7884,0.5592,0.5813,0.5751,0.5788,0.1088,0.0623,0.886,0.9385
SimGCL,89,42254.8876953125,0.16421127319335938,0.5592,0.7179,0.7895,0.5592,0.5819,0.5756,0.5794,0.1086,0.0624,0.8855,0.938
SimGCL,90,42153.39306640625,0.1632840633392334,0.5599,0.7192,0.7905,0.5599,0.5826,0.5757,0.5795,0.1088,0.0625,0.8865,0.9395
SimGCL,91,42188.9013671875,0.16483592987060547,0.5607,0.7198,0.7909,0.5607,0.5832,0.5773,0.581,0.109,0.0625,0.8875,0.9395
SimGCL,92,42154.39892578125,0.1628122329711914,0.5613,0.7214,0.7912,0.5613,0.5836,0.5777,0.5814,0.1092,0.0625,0.8885,0.9395
SimGCL,93,42184.04248046875,0.16376972198486328,0.5626,0.7222,0.7923,0.5626,0.5848,0.5789,0.5824,0.1095,0.0626,0.8895,0.9385
SimGCL,94,42244.3466796875,0.16366982460021973,0.5636,0.7233,0.7932,0.5636,0.5859,0.5807,0.5841,0.1096,0.0627,0.8915,0.94
SimGCL,95,42270.41357421875,0.18416166305541992,0.5637,0.7237,0.793,0.5637,0.5857,0.5801,0.5837,0.1097,0.0627,0.8905,0.94
SimGCL,96,42330.82421875,0.1798384189605713,0.5647,0.7249,0.7946,0.5647,0.5868,0.5813,0.5847,0.1099,0.0629,0.8925,0.9415
SimGCL,97,42106.30810546875,0.17789006233215332,0.566,0.7256,0.7948,0.566,0.588,0.5829,0.5863,0.1101,0.0629,0.8935,0.941
SimGCL,98,42142.40576171875,0.17073893547058105,0.5662,0.7258,0.7958,0.5662,0.5885,0.5829,0.5862,0.1101,0.063,0.894,0.9415
SimGCL,99,42244.421875,0.17314410209655762,0.5675,0.727,0.796,0.5675,0.5893,0.5842,0.5875,0.1105,0.063,0.895,0.9415
SimGCL,100,42167.90380859375,0.16442489624023438,0.5673,0.7268,0.7967,0.5673,0.5895,0.5837,0.5871,0.1104,0.0631,0.8945,0.9425
SimGCL,101,42128.99267578125,0.1753101348876953,0.5688,0.7278,0.7976,0.5688,0.5909,0.5858,0.5891,0.1107,0.0632,0.896,0.9435
SimGCL,102,42158.625,0.16504168510437012,0.5695,0.7291,0.7976,0.5695,0.5912,0.5863,0.5894,0.1109,0.0632,0.897,0.942
SimGCL,103,42098.68505859375,0.17127370834350586,0.5698,0.7289,0.7983,0.5698,0.5917,0.5866,0.5899,0.1109,0.0633,0.8965,0.9435
SimGCL,104,42228.3271484375,0.16733622550964355,0.5703,0.7292,0.7984,0.5703,0.5922,0.5871,0.5903,0.111,0.0633,0.897,0.943
SimGCL,105,42096.02197265625,0.1627216339111328,0.5707,0.7299,0.7988,0.5707,0.5926,0.5879,0.5913,0.1111,0.0634,0.897,0.944
SimGCL,106,42281.541015625,0.1618649959564209,0.5707,0.7301,0.7992,0.5707,0.5926,0.5878,0.5908,0.1112,0.0634,0.8995,0.943
SimGCL,107,42090.4521484375,0.16106867790222168,0.5711,0.73,0.7993,0.5711,0.5931,0.5885,0.5918,0.1112,0.0634,0.898,0.945
SimGCL,108,42093.13525390625,0.16179871559143066,0.5715,0.73,0.8002,0.5715,0.5937,0.5887,0.5918,0.1112,0.0636,0.899,0.944
SimGCL,109,41942.06640625,0.16097426414489746,0.5727,0.7318,0.8002,0.5727,0.5944,0.5899,0.593,0.1116,0.0635,0.9005,0.9445
SimGCL,110,41903.33056640625,0.17215490341186523,0.5727,0.7312,0.8009,0.5727,0.5948,0.5902,0.5934,0.1115,0.0636,0.899,0.945
SimGCL,111,41974.0,0.262129545211792,0.5731,0.7317,0.8014,0.5731,0.5952,0.5903,0.5934,0.1116,0.0637,0.9,0.9445
SimGCL,112,41943.0029296875,0.16581463813781738,0.5739,0.7327,0.8014,0.5739,0.5956,0.5909,0.594,0.1119,0.0637,0.901,0.9445
SimGCL,113,41894.828125,0.16135025024414062,0.5737,0.7322,0.8015,0.5737,0.5956,0.5907,0.5939,0.1118,0.0637,0.8995,0.945
SimGCL,114,41943.3125,0.16079330444335938,0.5746,0.7328,0.8027,0.5746,0.5968,0.5918,0.5951,0.1118,0.0638,0.9,0.9455
SimGCL,115,41897.43896484375,0.16196775436401367,0.5752,0.733,0.8024,0.5752,0.5972,0.5932,0.5962,0.112,0.0638,0.902,0.945
SimGCL,116,41945.80126953125,0.16356658935546875,0.5749,0.7328,0.8027,0.5749,0.5971,0.5926,0.5958,0.1119,0.0638,0.901,0.9455
SimGCL,117,41868.70458984375,0.15983033180236816,0.5761,0.7336,0.8022,0.5761,0.5979,0.5939,0.597,0.1121,0.0638,0.902,0.946
SimGCL,118,42038.38232421875,0.1659233570098877,0.5759,0.7337,0.8035,0.5759,0.5981,0.5936,0.5968,0.1121,0.0639,0.902,0.9455
SimGCL,119,41889.517578125,0.1644754409790039,0.5761,0.734,0.8032,0.5761,0.5981,0.5935,0.5967,0.1122,0.0639,0.902,0.946
SimGCL,120,42010.4140625,0.1653287410736084,0.5769,0.7346,0.8037,0.5769,0.5988,0.5944,0.5976,0.1123,0.064,0.902,0.946
SimGCL,121,41992.43798828125,0.16824674606323242,0.5764,0.7343,0.8036,0.5764,0.5984,0.5936,0.5967,0.1123,0.0639,0.9025,0.946
SimGCL,122,41965.0625,0.16050338745117188,0.5772,0.7348,0.8036,0.5772,0.5991,0.5945,0.5977,0.1124,0.0639,0.902,0.9465
SimGCL,123,41774.43017578125,0.16195321083068848,0.5773,0.7354,0.8043,0.5773,0.5992,0.5947,0.5978,0.1125,0.064,0.9025,0.946
SimGCL,124,41977.650390625,0.16508722305297852,0.5783,0.7361,0.8052,0.5783,0.6003,0.5958,0.5989,0.1126,0.0642,0.903,0.9465
SimGCL,125,41991.59521484375,0.16287970542907715,0.5776,0.7355,0.8048,0.5776,0.5998,0.5949,0.5982,0.1125,0.0641,0.902,0.9465
SimGCL,126,41965.89306640625,0.16306161880493164,0.5777,0.7357,0.8052,0.5777,0.5999,0.5949,0.598,0.1125,0.0642,0.9025,0.9465
SimGCL,127,41686.576171875,0.16531062126159668,0.5783,0.7354,0.8063,0.5783,0.601,0.5958,0.5991,0.1124,0.0643,0.9025,0.9475
SimGCL,128,42167.56787109375,0.1632232666015625,0.5778,0.735,0.8044,0.5778,0.6,0.5954,0.5986,0.1123,0.0641,0.902,0.946
SimGCL,129,41980.4296875,0.16968107223510742,0.5785,0.7357,0.8059,0.5785,0.601,0.5958,0.599,0.1125,0.0643,0.9025,0.9465
SimGCL,130,41817.38330078125,0.16398906707763672,0.5787,0.736,0.8059,0.5787,0.6011,0.5964,0.5995,0.1126,0.0642,0.903,0.9465
SimGCL,131,41971.224609375,0.16540026664733887,0.5787,0.7357,0.8066,0.5787,0.6014,0.5966,0.5999,0.1125,0.0644,0.903,0.9475
SimGCL,132,41697.64013671875,0.16350889205932617,0.5792,0.7362,0.8064,0.5792,0.6016,0.5971,0.6003,0.1126,0.0643,0.903,0.947
SimGCL,133,41940.7734375,0.1635117530822754,0.5792,0.7359,0.8061,0.5792,0.6017,0.5971,0.6004,0.1126,0.0643,0.902,0.9475
SimGCL,134,41825.99072265625,0.16330862045288086,0.5795,0.7365,0.8077,0.5795,0.6023,0.5972,0.6006,0.1127,0.0644,0.903,0.949
SimGCL,135,41998.12744140625,0.16389226913452148,0.5797,0.7362,0.8069,0.5797,0.6024,0.5979,0.6014,0.1126,0.0643,0.902,0.9485
SimGCL,136,41865.78662109375,0.16270160675048828,0.5801,0.7358,0.8071,0.5801,0.603,0.5985,0.6019,0.1125,0.0644,0.9025,0.9485
SimGCL,137,41937.0966796875,0.16959190368652344,0.5802,0.7368,0.8077,0.5802,0.603,0.5977,0.6012,0.1127,0.0645,0.9025,0.9485
SimGCL,138,41891.89794921875,0.16286396980285645,0.5804,0.7365,0.8078,0.5804,0.6033,0.5987,0.6022,0.1127,0.0644,0.9025,0.949
SimGCL,139,41827.8515625,0.2615368366241455,0.5816,0.7378,0.8084,0.5816,0.6042,0.5993,0.6026,0.1129,0.0645,0.9035,0.948
SimGCL,140,41903.65087890625,0.16283035278320312,0.5815,0.7376,0.8094,0.5815,0.6045,0.5994,0.6029,0.1129,0.0645,0.903,0.9505
SimGCL,141,41790.90087890625,0.16198492050170898,0.5826,0.7389,0.8091,0.5826,0.6051,0.6006,0.604,0.113,0.0645,0.904,0.9495
SimGCL,142,41817.0595703125,0.1629955768585205,0.5825,0.7392,0.8089,0.5825,0.6048,0.6,0.6033,0.1133,0.0645,0.9045,0.9495
SimGCL,143,41825.90380859375,0.16287803649902344,0.5828,0.739,0.8095,0.5828,0.6054,0.6007,0.6041,0.1131,0.0645,0.904,0.9495
SimGCL,144,41887.333984375,0.16167807579040527,0.583,0.7389,0.8094,0.583,0.6057,0.6012,0.6045,0.1131,0.0645,0.9045,0.949
SimGCL,145,41879.81396484375,0.168107271194458,0.5836,0.7394,0.8095,0.5836,0.6061,0.6015,0.6049,0.1133,0.0645,0.905,0.9495
SimGCL,146,41638.79736328125,0.16300559043884277,0.5842,0.7405,0.8109,0.5842,0.6068,0.6023,0.6055,0.1134,0.0647,0.907,0.95
SimGCL,147,41879.880859375,0.16353535652160645,0.5838,0.7398,0.8104,0.5838,0.6065,0.6019,0.6053,0.1134,0.0647,0.9055,0.95
SimGCL,148,41676.328125,0.1614978313446045,0.5851,0.7417,0.8115,0.5851,0.6075,0.6032,0.6064,0.1137,0.0647,0.908,0.9505
SimGCL,149,41872.90380859375,0.1610124111175537,0.5843,0.7404,0.8116,0.5843,0.6071,0.6022,0.6055,0.1135,0.0647,0.9055,0.9505
SimGCL,150,41616.88330078125,0.1586170196533203,0.5857,0.7424,0.811,0.5857,0.6078,0.6039,0.607,0.1139,0.0647,0.909,0.9505
SimGCL,151,41673.7861328125,0.16135168075561523,0.5854,0.7422,0.8113,0.5854,0.6077,0.6035,0.6066,0.1138,0.0648,0.909,0.9505
SimGCL,152,41801.4619140625,0.1591494083404541,0.5863,0.743,0.812,0.5863,0.6086,0.6045,0.6075,0.1139,0.0649,0.9095,0.9505
SimGCL,153,41788.27783203125,0.16108965873718262,0.5865,0.7439,0.8123,0.5865,0.6087,0.604,0.607,0.114,0.0649,0.9105,0.951
SimGCL,154,41795.9326171875,0.16044139862060547,0.5871,0.7445,0.8121,0.5871,0.6089,0.6049,0.6079,0.1142,0.0649,0.9105,0.9505
SimGCL,155,41711.865234375,0.1614077091217041,0.5876,0.7448,0.8123,0.5876,0.6094,0.6054,0.6084,0.1142,0.0649,0.9105,0.951
SimGCL,156,41901.3095703125,0.1605534553527832,0.5874,0.7451,0.8129,0.5874,0.6093,0.6048,0.6078,0.1143,0.065,0.9105,0.9505
SimGCL,157,41671.92041015625,0.1597914695739746,0.5881,0.7455,0.813,0.5881,0.6099,0.6057,0.6087,0.1144,0.065,0.911,0.9515
SimGCL,158,41873.654296875,0.16060209274291992,0.5878,0.7454,0.8126,0.5878,0.6095,0.6056,0.6086,0.1144,0.065,0.911,0.951
SimGCL,159,41717.2646484375,0.15927743911743164,0.5884,0.7457,0.813,0.5884,0.6101,0.6062,0.6092,0.1145,0.065,0.9105,0.951
SimGCL,160,41703.31298828125,0.16137313842773438,0.5891,0.7479,0.8127,0.5891,0.6101,0.6064,0.6092,0.1148,0.065,0.913,0.951
SimGCL,161,41826.73046875,0.1603097915649414,0.589,0.7469,0.8129,0.589,0.6104,0.6065,0.6095,0.1146,0.065,0.912,0.951
SimGCL,162,41682.14013671875,0.16089987754821777,0.5897,0.7479,0.8137,0.5897,0.6111,0.6076,0.6105,0.1148,0.0651,0.9135,0.9515
SimGCL,163,41769.2041015625,0.16245245933532715,0.5905,0.7497,0.8129,0.5905,0.6111,0.6077,0.6104,0.1151,0.065,0.914,0.9515
SimGCL,164,41812.87158203125,0.16929960250854492,0.5906,0.7491,0.8138,0.5906,0.6116,0.6081,0.6108,0.1151,0.0651,0.915,0.951
SimGCL,165,41697.6015625,0.16189336776733398,0.591,0.7493,0.8132,0.591,0.6118,0.6084,0.6112,0.1151,0.0651,0.9145,0.9515
SimGCL,166,41683.69189453125,0.16477108001708984,0.591,0.7508,0.8148,0.591,0.6118,0.6077,0.6103,0.1154,0.0652,0.916,0.9525
SimGCL,167,41832.08642578125,0.2503023147583008,0.5914,0.7497,0.8137,0.5914,0.6122,0.609,0.6117,0.1153,0.0651,0.915,0.9515
SimGCL,168,41732.3876953125,0.16318392753601074,0.5914,0.7501,0.8146,0.5914,0.6124,0.6087,0.6114,0.1152,0.0652,0.9155,0.952
SimGCL,169,41701.892578125,0.1668541431427002,0.5919,0.7513,0.8134,0.5919,0.6121,0.6084,0.6111,0.1155,0.0651,0.9155,0.9515
SimGCL,170,41710.55126953125,0.1630077362060547,0.5929,0.7543,0.8146,0.5929,0.6125,0.6091,0.6116,0.1161,0.0652,0.918,0.9525
SimGCL,171,41671.859375,0.1628258228302002,0.5922,0.7522,0.8146,0.5922,0.6125,0.6088,0.6114,0.1157,0.0652,0.9175,0.952
SimGCL,172,41476.1513671875,0.1634669303894043,0.5928,0.7533,0.8144,0.5928,0.6127,0.6089,0.6114,0.1159,0.0652,0.917,0.9515
SimGCL,173,41697.03564453125,0.16113615036010742,0.5922,0.7533,0.8152,0.5922,0.6124,0.608,0.6106,0.1159,0.0653,0.9175,0.953
SimGCL,174,41624.41748046875,0.1629180908203125,0.5933,0.7542,0.8171,0.5933,0.6138,0.6095,0.6121,0.116,0.0654,0.918,0.954
SimGCL,175,41553.494140625,0.16272187232971191,0.5932,0.7545,0.8157,0.5932,0.6131,0.609,0.6116,0.1162,0.0653,0.918,0.953
SimGCL,176,41652.193359375,0.16266632080078125,0.5929,0.7538,0.8163,0.5929,0.6132,0.6087,0.6114,0.116,0.0653,0.9175,0.9535
SimGCL,177,41630.64501953125,0.16268324851989746,0.5943,0.7557,0.8164,0.5943,0.6139,0.61,0.6126,0.1165,0.0653,0.919,0.954
SimGCL,178,41639.34423828125,0.16288089752197266,0.5937,0.7548,0.8173,0.5937,0.6138,0.6092,0.6119,0.1164,0.0654,0.9175,0.9545
SimGCL,179,41539.0234375,0.16313505172729492,0.5946,0.7563,0.8172,0.5946,0.6142,0.6102,0.6128,0.1166,0.0654,0.9185,0.9545
SimGCL,180,41692.13232421875,0.16316556930541992,0.5945,0.7557,0.8168,0.5945,0.6142,0.6102,0.6129,0.1165,0.0653,0.9175,0.9545
SimGCL,181,41601.79541015625,0.16311955451965332,0.5943,0.7563,0.8163,0.5943,0.6137,0.6091,0.6117,0.1167,0.0654,0.9175,0.9535
SimGCL,182,41565.640625,0.16209006309509277,0.5949,0.7563,0.8167,0.5949,0.6144,0.6101,0.6128,0.1167,0.0653,0.9175,0.954
SimGCL,183,41588.3662109375,0.1633751392364502,0.5947,0.7557,0.8178,0.5947,0.6147,0.6101,0.6129,0.1166,0.0655,0.9175,0.9545
SimGCL,184,41578.48095703125,0.16311025619506836,0.595,0.7568,0.817,0.595,0.6145,0.6101,0.6128,0.1167,0.0654,0.9175,0.9545
SimGCL,185,41650.8681640625,0.16355013847351074,0.5955,0.757,0.8173,0.5955,0.615,0.6109,0.6135,0.1169,0.0654,0.919,0.9545
SimGCL,186,41672.3212890625,0.16256189346313477,0.5958,0.7572,0.8179,0.5958,0.6154,0.6113,0.6138,0.1169,0.0655,0.9195,0.955
SimGCL,187,41606.35595703125,0.16460108757019043,0.5954,0.7562,0.8182,0.5954,0.6155,0.6109,0.6136,0.1166,0.0655,0.9185,0.9545
SimGCL,188,41669.0693359375,0.1631629467010498,0.5963,0.7581,0.818,0.5963,0.6156,0.6114,0.6139,0.1171,0.0655,0.92,0.955
SimGCL,189,41599.8125,0.16406965255737305,0.5963,0.7578,0.8176,0.5963,0.6157,0.6117,0.6142,0.1169,0.0654,0.92,0.954
SimGCL,190,41673.02001953125,0.16672682762145996,0.5965,0.7572,0.818,0.5965,0.6162,0.6119,0.6146,0.1168,0.0655,0.919,0.9545
SimGCL,191,41684.18994140625,0.17677617073059082,0.5973,0.7578,0.8178,0.5973,0.6168,0.6128,0.6154,0.117,0.0655,0.9195,0.9545
SimGCL,192,41625.57958984375,0.16279053688049316,0.597,0.7575,0.8185,0.597,0.6168,0.6124,0.6151,0.1169,0.0656,0.9185,0.955
SimGCL,193,41642.99365234375,0.16181683540344238,0.5975,0.7594,0.8188,0.5975,0.6167,0.6119,0.6144,0.1173,0.0656,0.921,0.955
SimGCL,194,41485.68212890625,0.16250324249267578,0.5971,0.7578,0.818,0.5971,0.6167,0.6122,0.6149,0.1169,0.0655,0.919,0.9545
SimGCL,195,41564.70703125,0.16260147094726562,0.5979,0.7598,0.8187,0.5979,0.617,0.6126,0.615,0.1173,0.0656,0.9215,0.955
SimGCL,196,41346.48046875,0.24146723747253418,0.5982,0.7593,0.8187,0.5982,0.6175,0.6134,0.6159,0.1172,0.0656,0.92,0.9545
SimGCL,197,41665.3271484375,0.16397595405578613,0.598,0.759,0.8184,0.598,0.6173,0.6127,0.6153,0.1172,0.0656,0.9205,0.955
SimGCL,198,41468.89794921875,0.1609811782836914,0.5985,0.7598,0.8192,0.5985,0.6178,0.6134,0.6159,0.1173,0.0657,0.9205,0.955
SimGCL,199,41609.96826171875,0.1628875732421875,0.5984,0.7595,0.8184,0.5984,0.6176,0.6136,0.6162,0.1173,0.0655,0.921,0.955
SimGCL,200,41657.3896484375,0.16314077377319336,0.5986,0.7596,0.8187,0.5986,0.6178,0.6136,0.6162,0.1173,0.0656,0.9205,0.9545
SimGCL,201,41386.8515625,0.16237163543701172,0.5992,0.76,0.8189,0.5992,0.6184,0.6146,0.617,0.1174,0.0656,0.922,0.9545
SimGCL,202,41568.95361328125,0.16288304328918457,0.5992,0.7599,0.8187,0.5992,0.6183,0.614,0.6165,0.1174,0.0656,0.921,0.955
SimGCL,203,41527.99169921875,0.1634054183959961,0.5996,0.7608,0.8192,0.5996,0.6186,0.6149,0.6173,0.1176,0.0656,0.9225,0.955
SimGCL,204,41524.33837890625,0.16298294067382812,0.5998,0.7615,0.8186,0.5998,0.6184,0.6144,0.6168,0.1178,0.0656,0.922,0.9545
SimGCL,205,41446.67138671875,0.1634366512298584,0.6008,0.7624,0.8193,0.6008,0.6193,0.6155,0.6178,0.1179,0.0657,0.923,0.9545
SimGCL,206,41488.8115234375,0.16299939155578613,0.6002,0.7617,0.8183,0.6002,0.6186,0.6148,0.6172,0.1178,0.0655,0.923,0.955
SimGCL,207,41466.90771484375,0.16399049758911133,0.601,0.7629,0.8199,0.601,0.6195,0.6157,0.6179,0.118,0.0657,0.9245,0.955
SimGCL,208,41477.46923828125,0.16341400146484375,0.6008,0.7631,0.8189,0.6008,0.619,0.6151,0.6172,0.118,0.0656,0.925,0.9545
SimGCL,209,41676.6337890625,0.1614377498626709,0.6015,0.7638,0.8202,0.6015,0.6197,0.6152,0.6175,0.1183,0.0657,0.9245,0.956
SimGCL,210,41507.3916015625,0.1634829044342041,0.6011,0.7639,0.8198,0.6011,0.6192,0.6151,0.6172,0.1182,0.0657,0.925,0.955
SimGCL,211,41651.89453125,0.17525219917297363,0.6024,0.7637,0.82,0.6024,0.6207,0.6168,0.6191,0.1183,0.0657,0.924,0.9555
SimGCL,212,41495.7646484375,0.16347908973693848,0.6019,0.7645,0.8207,0.6019,0.6201,0.6158,0.618,0.1183,0.0658,0.9255,0.955
SimGCL,213,41470.25830078125,0.16207551956176758,0.6027,0.7632,0.8197,0.6027,0.621,0.6173,0.6194,0.1182,0.0657,0.925,0.955
SimGCL,214,41495.63525390625,0.16304612159729004,0.6023,0.7636,0.821,0.6023,0.6208,0.6167,0.619,0.1182,0.0658,0.9245,0.956
SimGCL,215,41462.0556640625,0.1619420051574707,0.6026,0.7647,0.8198,0.6026,0.6205,0.6162,0.6183,0.1184,0.0657,0.926,0.955
SimGCL,216,41450.4140625,0.16124820709228516,0.6032,0.7641,0.8207,0.6032,0.6215,0.6177,0.62,0.1183,0.0658,0.925,0.9555
SimGCL,217,41580.41552734375,0.16308808326721191,0.6028,0.7649,0.821,0.6028,0.621,0.6167,0.6189,0.1185,0.0658,0.9255,0.956
SimGCL,218,41484.0986328125,0.16136813163757324,0.6034,0.765,0.8204,0.6034,0.6214,0.6171,0.6194,0.1185,0.0657,0.925,0.956
SimGCL,219,41316.69775390625,0.16273164749145508,0.6038,0.7652,0.8215,0.6038,0.622,0.6181,0.6203,0.1186,0.0658,0.9255,0.956
SimGCL,220,41677.18359375,0.1625373363494873,0.6037,0.7651,0.8211,0.6037,0.6218,0.618,0.6203,0.1186,0.0658,0.9255,0.956
SimGCL,221,41376.99169921875,0.16296887397766113,0.604,0.765,0.8212,0.604,0.6223,0.6182,0.6205,0.1185,0.0658,0.925,0.956
SimGCL,222,41471.97314453125,0.16152048110961914,0.6039,0.7652,0.8209,0.6039,0.622,0.6179,0.6202,0.1186,0.0658,0.925,0.956
SimGCL,223,41473.470703125,0.16153478622436523,0.6038,0.7656,0.8215,0.6038,0.6219,0.6176,0.6198,0.1187,0.0658,0.926,0.956
SimGCL,224,41578.32861328125,0.1617107391357422,0.6039,0.765,0.8213,0.6039,0.6221,0.6176,0.6199,0.1186,0.0658,0.9245,0.956
SimGCL,225,41479.80322265625,0.16139507293701172,0.6042,0.7654,0.8212,0.6042,0.6222,0.6184,0.6208,0.1187,0.0658,0.925,0.9565
SimGCL,226,41482.60107421875,0.17010831832885742,0.6043,0.7655,0.8221,0.6043,0.6226,0.6185,0.6208,0.1186,0.0659,0.925,0.9565
SimGCL,227,41636.11474609375,0.16917991638183594,0.6048,0.766,0.8223,0.6048,0.6229,0.6186,0.621,0.1189,0.0659,0.925,0.957
SimGCL,228,41428.2275390625,0.24508118629455566,0.6043,0.765,0.822,0.6043,0.6228,0.6186,0.621,0.1186,0.0659,0.9245,0.957
SimGCL,229,41543.18896484375,0.16225051879882812,0.6041,0.7655,0.8217,0.6041,0.6223,0.6172,0.6196,0.1188,0.0659,0.9245,0.9565
SimGCL,230,41541.25634765625,0.16088414192199707,0.605,0.7659,0.8228,0.605,0.6234,0.6194,0.6217,0.1188,0.066,0.9255,0.957
SimGCL,231,41362.49658203125,0.15990829467773438,0.6046,0.7648,0.8218,0.6046,0.6231,0.619,0.6214,0.1186,0.0659,0.925,0.957
SimGCL,232,41342.74560546875,0.16379189491271973,0.6053,0.7664,0.8224,0.6053,0.6235,0.6191,0.6214,0.1188,0.0659,0.9255,0.957
SimGCL,233,41536.6923828125,0.16913843154907227,0.6051,0.7658,0.8226,0.6051,0.6235,0.6194,0.6217,0.1187,0.0659,0.9255,0.9575
SimGCL,234,41429.2529296875,0.15937566757202148,0.6059,0.7672,0.8228,0.6059,0.6238,0.6189,0.6213,0.1191,0.066,0.9255,0.958
SimGCL,235,41504.865234375,0.1597881317138672,0.6057,0.7665,0.8226,0.6057,0.6239,0.6197,0.6219,0.119,0.066,0.927,0.957
SimGCL,236,41451.2490234375,0.15849757194519043,0.6066,0.7672,0.8227,0.6066,0.6245,0.6211,0.6234,0.1191,0.066,0.926,0.9575
SimGCL,237,41432.2734375,0.1634812355041504,0.6074,0.7692,0.8231,0.6074,0.6248,0.6209,0.623,0.1194,0.066,0.928,0.9575
SimGCL,238,41326.96630859375,0.1616809368133545,0.6068,0.7685,0.8234,0.6068,0.6246,0.6198,0.6219,0.1193,0.0661,0.9275,0.9575
SimGCL,239,41264.34130859375,0.1618947982788086,0.6077,0.7688,0.8233,0.6077,0.6253,0.6213,0.6235,0.1194,0.066,0.9275,0.958
SimGCL,240,41513.16943359375,0.16363787651062012,0.6071,0.7688,0.8233,0.6071,0.6248,0.6202,0.6224,0.1193,0.066,0.9275,0.9575
SimGCL,241,41498.22412109375,0.16435551643371582,0.6082,0.7694,0.8236,0.6082,0.6258,0.6221,0.6242,0.1194,0.0661,0.9285,0.958
SimGCL,242,41438.2529296875,0.16178250312805176,0.6082,0.7687,0.8234,0.6082,0.626,0.6224,0.6246,0.1193,0.0661,0.928,0.9575
SimGCL,243,41339.91845703125,0.16350102424621582,0.6082,0.7698,0.824,0.6082,0.6259,0.6221,0.6241,0.1195,0.0662,0.93,0.958
SimGCL,244,41392.46484375,0.16099119186401367,0.6087,0.7691,0.8234,0.6087,0.6264,0.6232,0.6252,0.1193,0.0661,0.929,0.9575
SimGCL,245,41334.93310546875,0.16537141799926758,0.6088,0.7706,0.8259,0.6088,0.6267,0.6226,0.6247,0.1197,0.0663,0.9305,0.9595
SimGCL,246,41516.62939453125,0.16191792488098145,0.6085,0.7695,0.8244,0.6085,0.6264,0.6227,0.6248,0.1194,0.0662,0.9285,0.9575
SimGCL,247,41412.5380859375,0.16219830513000488,0.6092,0.77,0.8241,0.6092,0.6268,0.6234,0.6255,0.1196,0.0662,0.9295,0.9585
SimGCL,248,41396.32666015625,0.16450142860412598,0.6086,0.7694,0.8251,0.6086,0.6268,0.6232,0.6252,0.1194,0.0663,0.93,0.9585
SimGCL,249,41486.11669921875,0.16232681274414062,0.6091,0.77,0.8259,0.6091,0.6273,0.6233,0.6254,0.1195,0.0664,0.93,0.96
SimGCL,250,41368.55126953125,0.16189217567443848,0.6089,0.77,0.8254,0.6089,0.6268,0.6229,0.6249,0.1196,0.0663,0.9305,0.958
SimGCL,251,41437.90283203125,0.16066384315490723,0.6093,0.7699,0.827,0.6093,0.6278,0.6236,0.6257,0.1195,0.0665,0.93,0.961
SimGCL,252,41498.96240234375,0.1641862392425537,0.6095,0.7704,0.8269,0.6095,0.6277,0.6237,0.6258,0.1196,0.0664,0.9305,0.9595
SimGCL,253,41477.15771484375,0.16283941268920898,0.6102,0.7712,0.8268,0.6102,0.6281,0.6243,0.6264,0.1199,0.0665,0.93,0.961
SimGCL,254,41251.33984375,0.16314482688903809,0.6095,0.7701,0.8269,0.6095,0.6279,0.6244,0.6265,0.1196,0.0664,0.9305,0.96
SimGCL,255,41271.220703125,0.1609179973602295,0.6105,0.7715,0.8279,0.6105,0.6288,0.6244,0.6266,0.1199,0.0666,0.9305,0.9615
SimGCL,256,41482.568359375,0.2433474063873291,0.6099,0.7707,0.8274,0.6099,0.6282,0.6242,0.6263,0.1198,0.0665,0.9305,0.9605
SimGCL,257,41391.71142578125,0.16285133361816406,0.6106,0.772,0.8273,0.6106,0.6285,0.6251,0.6271,0.1199,0.0665,0.932,0.9605
SimGCL,258,41297.9033203125,0.1638638973236084,0.6107,0.7708,0.8288,0.6107,0.6293,0.6255,0.6277,0.1197,0.0666,0.9305,0.9605
SimGCL,259,41310.54345703125,0.1623682975769043,0.6109,0.7715,0.8278,0.6109,0.629,0.6258,0.6279,0.1199,0.0665,0.931,0.961
SimGCL,260,41382.1484375,0.16654419898986816,0.6106,0.7711,0.8278,0.6106,0.6289,0.6252,0.6273,0.1198,0.0666,0.9305,0.96
SimGCL,261,41394.19921875,0.1626298427581787,0.6108,0.7712,0.8293,0.6108,0.6295,0.6258,0.628,0.1198,0.0667,0.9305,0.961
SimGCL,262,41344.66064453125,0.16405630111694336,0.6113,0.7729,0.8289,0.6113,0.6294,0.6256,0.6277,0.1202,0.0667,0.932,0.9615
SimGCL,263,41301.291015625,0.16127729415893555,0.611,0.7717,0.8295,0.611,0.6297,0.6256,0.6278,0.1199,0.0668,0.9305,0.961
SimGCL,264,41528.15234375,0.15920042991638184,0.6119,0.7736,0.8295,0.6119,0.63,0.6262,0.6282,0.1202,0.0667,0.932,0.961
SimGCL,265,41354.4619140625,0.16092944145202637,0.6117,0.7724,0.8294,0.6117,0.6301,0.6266,0.6287,0.1201,0.0667,0.9325,0.962
SimGCL,266,41414.2041015625,0.17767071723937988,0.6124,0.7741,0.8293,0.6124,0.6303,0.6266,0.6286,0.1203,0.0667,0.933,0.961
SimGCL,267,41289.58056640625,0.18200039863586426,0.6119,0.7728,0.8288,0.6119,0.63,0.6267,0.6288,0.1202,0.0667,0.932,0.961
SimGCL,268,41481.75390625,0.18059611320495605,0.6124,0.7737,0.829,0.6124,0.6304,0.6272,0.6292,0.1203,0.0667,0.933,0.9605
SimGCL,269,41434.47216796875,0.1735236644744873,0.612,0.7728,0.8301,0.612,0.6306,0.6268,0.6289,0.12,0.0668,0.933,0.9615
SimGCL,270,41531.64599609375,0.16499066352844238,0.6129,0.774,0.8299,0.6129,0.631,0.6276,0.6295,0.1203,0.0668,0.9335,0.961
SimGCL,271,41393.845703125,0.17197465896606445,0.6132,0.7745,0.8303,0.6132,0.6312,0.6276,0.6296,0.1205,0.0669,0.9335,0.961
SimGCL,272,41432.1181640625,0.16460680961608887,0.6126,0.7729,0.8305,0.6126,0.6312,0.6273,0.6294,0.1202,0.0669,0.9325,0.962
SimGCL,273,41491.92626953125,0.16337871551513672,0.613,0.7737,0.8292,0.613,0.631,0.6278,0.6297,0.1203,0.0668,0.934,0.961
SimGCL,274,41407.75439453125,0.1615760326385498,0.6142,0.7744,0.8303,0.6142,0.6323,0.6292,0.6313,0.1206,0.0669,0.933,0.9615
SimGCL,275,41394.66845703125,0.1621079444885254,0.613,0.7732,0.8301,0.613,0.6315,0.6279,0.6299,0.1201,0.0669,0.933,0.9615
SimGCL,276,41418.3017578125,0.1623528003692627,0.6137,0.7751,0.8298,0.6137,0.6314,0.628,0.63,0.1206,0.0668,0.934,0.9615
SimGCL,277,41499.27880859375,0.1615304946899414,0.6131,0.7736,0.8306,0.6131,0.6316,0.6279,0.6299,0.1203,0.067,0.933,0.9615
SimGCL,278,41306.83056640625,0.16252684593200684,0.6146,0.7756,0.8293,0.6146,0.6321,0.6294,0.6313,0.1207,0.0668,0.934,0.9605
SimGCL,279,41278.919921875,0.16338109970092773,0.6133,0.7742,0.8298,0.6133,0.6314,0.6277,0.6297,0.1204,0.0668,0.9325,0.961
SimGCL,280,41367.54345703125,0.16467928886413574,0.6146,0.7755,0.8302,0.6146,0.6324,0.6291,0.631,0.1206,0.0669,0.934,0.961
SimGCL,281,41483.2646484375,0.16421246528625488,0.6141,0.7754,0.8303,0.6141,0.632,0.6285,0.6305,0.1206,0.0669,0.9335,0.9615
SimGCL,282,41424.900390625,0.16771602630615234,0.6146,0.7757,0.8299,0.6146,0.6322,0.6292,0.6312,0.1207,0.0669,0.9335,0.961
SimGCL,283,41466.7119140625,0.1638333797454834,0.6148,0.7762,0.8302,0.6148,0.6323,0.629,0.631,0.1207,0.0669,0.934,0.9615
SimGCL,284,41256.18505859375,0.16482162475585938,0.6144,0.776,0.8299,0.6144,0.6319,0.6286,0.6305,0.1207,0.0669,0.934,0.9615
SimGCL,285,41082.27734375,0.1630237102508545,0.6146,0.7765,0.8303,0.6146,0.6321,0.6287,0.6307,0.1208,0.0669,0.9335,0.9615
SimGCL,286,41429.833984375,0.16363096237182617,0.6146,0.7761,0.8308,0.6146,0.6325,0.6289,0.6309,0.1206,0.067,0.934,0.961
SimGCL,287,41261.72900390625,0.24468684196472168,0.6148,0.7769,0.8303,0.6148,0.6322,0.6288,0.6307,0.1209,0.0669,0.934,0.9615
SimGCL,288,41297.8505859375,0.16446638107299805,0.6147,0.7761,0.8299,0.6147,0.6323,0.6292,0.6312,0.1206,0.0669,0.934,0.9615
SimGCL,289,41592.84228515625,0.16390204429626465,0.6151,0.7766,0.83,0.6151,0.6325,0.6291,0.631,0.1208,0.0669,0.934,0.961
SimGCL,290,41349.29052734375,0.1651906967163086,0.6153,0.7759,0.8306,0.6153,0.6332,0.6303,0.6322,0.1206,0.067,0.934,0.9615
SimGCL,291,41270.55810546875,0.16599345207214355,0.6153,0.7769,0.8312,0.6153,0.633,0.6295,0.6314,0.1209,0.067,0.9345,0.962
SimGCL,292,41324.6201171875,0.16524887084960938,0.6154,0.7763,0.8306,0.6154,0.6332,0.6304,0.6323,0.1207,0.067,0.934,0.961
SimGCL,293,41191.87060546875,0.164870023727417,0.6156,0.7763,0.8304,0.6156,0.6332,0.6299,0.6319,0.1208,0.067,0.9335,0.9615
SimGCL,294,41368.7724609375,0.17196226119995117,0.6157,0.7766,0.8316,0.6157,0.6336,0.6311,0.6331,0.1208,0.0671,0.9345,0.9625
SimGCL,295,41239.19287109375,0.1669144630432129,0.6159,0.7778,0.8311,0.6159,0.6333,0.6303,0.6322,0.121,0.0671,0.9345,0.9615
SimGCL,296,41416.2197265625,0.16457772254943848,0.6157,0.7768,0.8314,0.6157,0.6336,0.6306,0.6325,0.1208,0.0671,0.9345,0.961
SimGCL,297,41273.58544921875,0.16286063194274902,0.6163,0.777,0.8312,0.6163,0.634,0.6311,0.6331,0.1209,0.0671,0.9335,0.9615
SimGCL,298,41240.77294921875,0.17724156379699707,0.6164,0.7779,0.8316,0.6164,0.6339,0.6309,0.6327,0.1211,0.0671,0.935,0.9615
SimGCL,299,41296.07568359375,0.17058801651000977,0.6162,0.7769,0.8319,0.6162,0.6341,0.6313,0.6332,0.1209,0.0671,0.934,0.9615
SimGCL,300,41365.93115234375,0.1631016731262207,0.6169,0.7781,0.8317,0.6169,0.6343,0.6313,0.6332,0.1211,0.0671,0.934,0.961
SimGCL,301,41051.30615234375,0.16564106941223145,0.6167,0.7776,0.8327,0.6167,0.6346,0.6313,0.6332,0.121,0.0672,0.935,0.962
SimGCL,302,41368.30908203125,0.16464519500732422,0.617,0.7784,0.8325,0.617,0.6347,0.6318,0.6337,0.1211,0.0672,0.935,0.9615
SimGCL,303,41390.8994140625,0.16286778450012207,0.6172,0.777,0.8329,0.6172,0.6354,0.6323,0.6343,0.1209,0.0672,0.9345,0.962
SimGCL,304,41255.44775390625,0.16387343406677246,0.617,0.7776,0.8337,0.617,0.6352,0.6316,0.6336,0.121,0.0672,0.934,0.962
SimGCL,305,41392.59716796875,0.16551542282104492,0.6171,0.7784,0.8331,0.6171,0.6348,0.6315,0.6333,0.1211,0.0672,0.9355,0.9615
SimGCL,306,41217.7705078125,0.16475605964660645,0.6173,0.7774,0.8334,0.6173,0.6356,0.6326,0.6345,0.1209,0.0673,0.9345,0.962
SimGCL,307,41331.87939453125,0.1647355556488037,0.6172,0.7779,0.8338,0.6172,0.6353,0.6318,0.6337,0.121,0.0673,0.9355,0.962
SimGCL,308,41185.8857421875,0.16449451446533203,0.6179,0.7778,0.8332,0.6179,0.6359,0.6333,0.6352,0.1211,0.0673,0.935,0.9615
SimGCL,309,41203.583984375,0.16370701789855957,0.6172,0.7779,0.8335,0.6172,0.6353,0.632,0.6339,0.121,0.0672,0.935,0.962
SimGCL,310,41199.65478515625,0.16437625885009766,0.6175,0.7777,0.8334,0.6175,0.6356,0.6326,0.6345,0.121,0.0673,0.9345,0.9615
SimGCL,311,41247.771484375,0.16329050064086914,0.6176,0.7786,0.8345,0.6176,0.6358,0.632,0.6338,0.1212,0.0674,0.936,0.962
SimGCL,312,41252.55078125,0.16481471061706543,0.6182,0.7777,0.8339,0.6182,0.6365,0.6337,0.6357,0.121,0.0673,0.9345,0.9625
SimGCL,313,41290.07958984375,0.1644117832183838,0.6177,0.7781,0.8344,0.6177,0.636,0.6324,0.6343,0.1211,0.0673,0.935,0.962
SimGCL,314,41196.7109375,0.1650373935699463,0.6193,0.7785,0.8342,0.6193,0.6374,0.6349,0.6368,0.1212,0.0674,0.935,0.962
SimGCL,315,41305.5556640625,0.24793553352355957,0.6185,0.779,0.8346,0.6185,0.6365,0.6334,0.6353,0.1213,0.0674,0.9355,0.962
SimGCL,316,41322.1826171875,0.17295074462890625,0.6182,0.7773,0.8336,0.6182,0.6365,0.6336,0.6357,0.121,0.0673,0.934,0.9625
SimGCL,317,41288.33203125,0.16382169723510742,0.6191,0.7794,0.8348,0.6191,0.6371,0.6344,0.6363,0.1213,0.0674,0.9355,0.962
SimGCL,318,41372.82958984375,0.1633434295654297,0.6187,0.7788,0.8345,0.6187,0.6368,0.6335,0.6354,0.1212,0.0674,0.935,0.9615
SimGCL,319,41192.4140625,0.16348814964294434,0.6189,0.7787,0.8343,0.6189,0.637,0.6346,0.6365,0.1212,0.0674,0.935,0.9615
SimGCL,320,41325.267578125,0.16664576530456543,0.6196,0.7798,0.8343,0.6196,0.6374,0.6348,0.6367,0.1214,0.0674,0.9355,0.962
SimGCL,321,41317.0390625,0.1632678508758545,0.6192,0.779,0.8342,0.6192,0.6372,0.635,0.6369,0.1213,0.0673,0.9355,0.9615
SimGCL,322,41239.4736328125,0.16277313232421875,0.6197,0.7794,0.8353,0.6197,0.6379,0.635,0.6369,0.1213,0.0675,0.9355,0.9625
SimGCL,323,41278.10107421875,0.17027950286865234,0.6191,0.7784,0.8346,0.6191,0.6374,0.6347,0.6366,0.1212,0.0674,0.935,0.962
SimGCL,324,41282.3701171875,0.16570043563842773,0.6195,0.7791,0.8352,0.6195,0.6378,0.6351,0.6369,0.1212,0.0675,0.936,0.9615
SimGCL,325,41297.4580078125,0.1677381992340088,0.6198,0.7795,0.8351,0.6198,0.6379,0.6355,0.6374,0.1213,0.0674,0.936,0.963
SimGCL,326,41272.75244140625,0.16408038139343262,0.619,0.7777,0.835,0.619,0.6377,0.6354,0.6373,0.121,0.0675,0.9355,0.962
SimGCL,327,41363.3818359375,0.1672971248626709,0.6194,0.7786,0.8358,0.6194,0.6379,0.6348,0.6369,0.1212,0.0675,0.9345,0.9635
SimGCL,328,41280.39501953125,0.1656627655029297,0.6193,0.7789,0.8357,0.6193,0.6377,0.6347,0.6367,0.1213,0.0675,0.9345,0.962
SimGCL,329,41210.62548828125,0.1650238037109375,0.619,0.7775,0.8369,0.619,0.6382,0.6347,0.6368,0.1211,0.0676,0.9345,0.964
SimGCL,330,41291.10400390625,0.1685173511505127,0.62,0.7794,0.837,0.62,0.6387,0.6357,0.6377,0.1214,0.0676,0.9355,0.963
SimGCL,331,41349.62060546875,0.16257214546203613,0.62,0.7798,0.8369,0.62,0.6386,0.6354,0.6375,0.1214,0.0676,0.935,0.964
SimGCL,332,41239.90185546875,0.16276812553405762,0.6197,0.7786,0.8363,0.6197,0.6385,0.6356,0.6376,0.1212,0.0676,0.935,0.963
SimGCL,333,41419.53857421875,0.16454386711120605,0.6206,0.7794,0.8372,0.6206,0.6393,0.6367,0.6387,0.1214,0.0676,0.935,0.9635
SimGCL,334,41131.50244140625,0.1619577407836914,0.6208,0.7789,0.8368,0.6208,0.6397,0.637,0.6391,0.1212,0.0677,0.9355,0.9635
SimGCL,335,41221.3310546875,0.16278290748596191,0.6214,0.7802,0.8369,0.6214,0.6398,0.6377,0.6397,0.1215,0.0676,0.935,0.963
SimGCL,336,41339.12451171875,0.16521358489990234,0.6211,0.7797,0.8369,0.6211,0.6398,0.637,0.6391,0.1214,0.0677,0.935,0.963
SimGCL,337,41230.92041015625,0.16127681732177734,0.6213,0.7795,0.8375,0.6213,0.6401,0.6376,0.6397,0.1214,0.0676,0.935,0.964
SimGCL,338,41232.677734375,0.161729097366333,0.6213,0.7792,0.8368,0.6213,0.6401,0.6376,0.6396,0.1213,0.0676,0.9345,0.9625
SimGCL,339,41314.55810546875,0.1617124080657959,0.6211,0.7793,0.8372,0.6211,0.6399,0.6374,0.6394,0.1213,0.0676,0.9355,0.9645
SimGCL,340,41252.53857421875,0.16294217109680176,0.6214,0.7786,0.8373,0.6214,0.6405,0.6381,0.6403,0.1212,0.0676,0.9345,0.964
SimGCL,341,41099.4853515625,0.16265487670898438,0.6221,0.7803,0.838,0.6221,0.6408,0.6382,0.6403,0.1215,0.0677,0.935,0.9645
SimGCL,342,41217.7802734375,0.16247129440307617,0.6212,0.779,0.8386,0.6212,0.6406,0.6377,0.64,0.1212,0.0678,0.9335,0.964
SimGCL,343,41251.39453125,0.24283552169799805,0.6222,0.7802,0.8374,0.6222,0.6408,0.6386,0.6407,0.1214,0.0676,0.935,0.964
SimGCL,344,41217.81103515625,0.16283345222473145,0.622,0.7797,0.838,0.622,0.6411,0.6386,0.6408,0.1214,0.0677,0.935,0.964
SimGCL,345,41311.59912109375,0.16167473793029785,0.6217,0.7792,0.8376,0.6217,0.6407,0.6381,0.6403,0.1212,0.0677,0.9345,0.9635
SimGCL,346,41263.908203125,0.16525554656982422,0.6221,0.7798,0.8375,0.6221,0.6409,0.6385,0.6407,0.1214,0.0677,0.935,0.964
SimGCL,347,41195.18505859375,0.1639547348022461,0.6217,0.7787,0.8377,0.6217,0.641,0.6387,0.6408,0.1211,0.0677,0.934,0.964
SimGCL,348,41233.3916015625,0.16125082969665527,0.6222,0.7789,0.8377,0.6222,0.6414,0.6392,0.6413,0.1212,0.0677,0.9345,0.9635
SimGCL,349,41219.0546875,0.16318368911743164,0.6223,0.7794,0.8375,0.6223,0.6413,0.6392,0.6413,0.1213,0.0677,0.934,0.963
SimGCL,350,41206.48974609375,0.16858482360839844,0.6223,0.7796,0.8383,0.6223,0.6415,0.6389,0.641,0.1213,0.0678,0.935,0.964
SimGCL,351,41322.2646484375,0.18179607391357422,0.6222,0.78,0.838,0.6222,0.6412,0.639,0.641,0.1214,0.0678,0.9355,0.963
SimGCL,352,41080.48974609375,0.17644047737121582,0.6224,0.7797,0.8379,0.6224,0.6414,0.6393,0.6414,0.1212,0.0677,0.934,0.9635
SimGCL,353,41182.58203125,0.17852330207824707,0.6222,0.7799,0.8385,0.6222,0.6413,0.6388,0.6409,0.1214,0.0678,0.9355,0.9635
SimGCL,354,41157.27001953125,0.18390774726867676,0.6224,0.7789,0.8385,0.6224,0.6418,0.6398,0.6419,0.1213,0.0678,0.9345,0.9635
SimGCL,355,41143.453125,0.17754912376403809,0.6225,0.7794,0.8382,0.6225,0.6418,0.6396,0.6416,0.1213,0.0678,0.935,0.9635
SimGCL,356,41274.09228515625,0.17070746421813965,0.6214,0.7794,0.8385,0.6214,0.6408,0.638,0.6402,0.1213,0.0678,0.9345,0.964
SimGCL,357,41291.58056640625,0.16400694847106934,0.6229,0.7801,0.8395,0.6229,0.6423,0.6399,0.642,0.1215,0.0679,0.9355,0.9645
SimGCL,358,41199.73681640625,0.1621103286743164,0.6219,0.7791,0.8392,0.6219,0.6415,0.6386,0.6408,0.1212,0.0679,0.934,0.964
SimGCL,359,41219.4912109375,0.16336560249328613,0.6227,0.7803,0.8389,0.6227,0.6419,0.6396,0.6417,0.1214,0.0678,0.935,0.9645
SimGCL,360,41267.9921875,0.16505861282348633,0.622,0.7796,0.8387,0.622,0.6413,0.6387,0.6409,0.1213,0.0678,0.935,0.9645
SimGCL,361,41291.26220703125,0.1618342399597168,0.6229,0.7804,0.8394,0.6229,0.6422,0.6397,0.6417,0.1215,0.068,0.936,0.964
SimGCL,362,41384.24853515625,0.16340947151184082,0.6234,0.78,0.8392,0.6234,0.6428,0.6408,0.643,0.1213,0.0679,0.9345,0.963
SimGCL,363,41253.4130859375,0.16358065605163574,0.6233,0.7809,0.8391,0.6233,0.6424,0.64,0.6421,0.1215,0.0679,0.935,0.964
SimGCL,364,41241.623046875,0.16393804550170898,0.6229,0.7802,0.8394,0.6229,0.6423,0.6397,0.6418,0.1214,0.0679,0.9355,0.964
SimGCL,365,41153.80810546875,0.16300082206726074,0.6239,0.782,0.8391,0.6239,0.6427,0.6404,0.6425,0.1218,0.0679,0.936,0.9635
SimGCL,366,41142.94921875,0.1647946834564209,0.6237,0.7804,0.8399,0.6237,0.6432,0.6407,0.6429,0.1215,0.068,0.9345,0.964
SimGCL,367,41114.48291015625,0.16295909881591797,0.6243,0.782,0.8394,0.6243,0.6431,0.641,0.6431,0.1218,0.0679,0.9355,0.9635
SimGCL,368,41249.8564453125,0.1646575927734375,0.6235,0.7806,0.8403,0.6235,0.6431,0.6403,0.6424,0.1214,0.068,0.9355,0.964
SimGCL,369,41319.9912109375,0.1636638641357422,0.6246,0.7813,0.8402,0.6246,0.6439,0.6416,0.6438,0.1217,0.068,0.935,0.964
SimGCL,370,41238.3515625,0.16402316093444824,0.6241,0.781,0.8406,0.6241,0.6436,0.6412,0.6433,0.1215,0.0681,0.936,0.964
SimGCL,371,41179.4638671875,0.16361069679260254,0.6244,0.7823,0.8406,0.6244,0.6435,0.641,0.643,0.1218,0.0681,0.9365,0.964
SimGCL,372,41259.966796875,0.2597784996032715,0.6247,0.7821,0.8405,0.6247,0.6438,0.6418,0.6438,0.1218,0.068,0.9365,0.964
SimGCL,373,41192.1357421875,0.17718887329101562,0.6245,0.781,0.841,0.6245,0.6442,0.6415,0.6436,0.1215,0.0681,0.936,0.9645
SimGCL,374,41219.3388671875,0.16757607460021973,0.6252,0.7821,0.841,0.6252,0.6445,0.6425,0.6445,0.1218,0.0681,0.9365,0.964
SimGCL,375,41350.7265625,0.16445040702819824,0.6251,0.782,0.8418,0.6251,0.6446,0.6419,0.644,0.1218,0.0681,0.936,0.965
SimGCL,376,41271.2041015625,0.16418957710266113,0.6249,0.7816,0.8412,0.6249,0.6445,0.6422,0.6443,0.1217,0.0682,0.936,0.9645
SimGCL,377,41422.984375,0.16707682609558105,0.6253,0.7819,0.8429,0.6253,0.6452,0.6426,0.6448,0.1217,0.0683,0.9365,0.966
SimGCL,378,41352.853515625,0.16336512565612793,0.6253,0.781,0.8408,0.6253,0.6449,0.6431,0.6452,0.1215,0.0681,0.935,0.9645
SimGCL,379,41323.0654296875,0.16315412521362305,0.6253,0.7814,0.8418,0.6253,0.6452,0.6433,0.6453,0.1216,0.0682,0.9365,0.9645
SimGCL,380,41253.89794921875,0.16498041152954102,0.6255,0.7813,0.8432,0.6255,0.6458,0.6433,0.6455,0.1216,0.0684,0.9355,0.9655
SimGCL,381,41262.69580078125,0.16208434104919434,0.626,0.7818,0.8419,0.626,0.6457,0.644,0.6461,0.1217,0.0682,0.9365,0.965
SimGCL,382,41293.31298828125,0.16028428077697754,0.626,0.7813,0.843,0.626,0.6463,0.6441,0.6463,0.1216,0.0684,0.936,0.9655
SimGCL,383,41087.7802734375,0.16325855255126953,0.6262,0.7821,0.843,0.6262,0.6461,0.644,0.6461,0.1218,0.0684,0.936,0.966
SimGCL,384,41496.49072265625,0.17130637168884277,0.6262,0.7817,0.8439,0.6262,0.6466,0.6439,0.6461,0.1216,0.0685,0.9355,0.966
SimGCL,385,41191.94775390625,0.16341757774353027,0.6271,0.7822,0.8425,0.6271,0.6469,0.6453,0.6475,0.1218,0.0683,0.936,0.965
SimGCL,386,41299.689453125,0.16333341598510742,0.6263,0.7819,0.8434,0.6263,0.6465,0.6443,0.6465,0.1217,0.0684,0.9355,0.965
SimGCL,387,41035.9853515625,0.1642768383026123,0.6271,0.7818,0.8434,0.6271,0.6472,0.6454,0.6475,0.1217,0.0684,0.936,0.965
SimGCL,388,41098.62744140625,0.16255903244018555,0.6266,0.7824,0.843,0.6266,0.6465,0.6442,0.6464,0.1218,0.0684,0.9355,0.9655
SimGCL,389,41176.0791015625,0.16384124755859375,0.6267,0.7816,0.8443,0.6267,0.6472,0.6447,0.6469,0.1217,0.0685,0.936,0.966
SimGCL,390,41326.77392578125,0.1621227264404297,0.6269,0.7817,0.8425,0.6269,0.6469,0.6451,0.6473,0.1217,0.0683,0.9355,0.965
SimGCL,391,41172.328125,0.1650080680847168,0.6268,0.7816,0.8438,0.6268,0.6473,0.645,0.6472,0.1216,0.0684,0.9355,0.9655
SimGCL,392,41255.8583984375,0.1622629165649414,0.627,0.7815,0.8431,0.627,0.6472,0.6455,0.6477,0.1216,0.0683,0.935,0.965
SimGCL,393,41257.736328125,0.16150927543640137,0.6272,0.7814,0.8438,0.6272,0.6476,0.6458,0.6481,0.1217,0.0684,0.935,0.966
SimGCL,394,41295.90478515625,0.16447663307189941,0.6267,0.7814,0.8436,0.6267,0.6471,0.6452,0.6475,0.1216,0.0684,0.9355,0.9655
SimGCL,395,41143.416015625,0.16222214698791504,0.6274,0.7815,0.8435,0.6274,0.6478,0.646,0.6482,0.1216,0.0684,0.9355,0.966
SimGCL,396,41122.65234375,0.1623847484588623,0.6268,0.7814,0.8439,0.6268,0.6474,0.6452,0.6475,0.1216,0.0684,0.9355,0.9655
SimGCL,397,41134.736328125,0.1612234115600586,0.6267,0.7804,0.8435,0.6267,0.6474,0.6456,0.6478,0.1214,0.0684,0.935,0.9655
SimGCL,398,41147.138671875,0.1661972999572754,0.6268,0.7814,0.8442,0.6268,0.6474,0.6451,0.6473,0.1216,0.0685,0.9355,0.9655
SimGCL,399,41275.8115234375,0.1614692211151123,0.6275,0.7814,0.8436,0.6275,0.6479,0.6464,0.6486,0.1216,0.0684,0.9355,0.9655
SimGCL,400,41188.36962890625,0.1631302833557129,0.6268,0.7809,0.8441,0.6268,0.6476,0.6451,0.6474,0.1215,0.0685,0.935,0.9655
SimGCL,401,41154.7802734375,0.16264104843139648,0.6276,0.7819,0.8439,0.6276,0.648,0.6461,0.6483,0.1217,0.0684,0.936,0.9655
SimGCL,402,41231.57861328125,0.26076483726501465,0.627,0.7811,0.8441,0.627,0.6477,0.6454,0.6477,0.1215,0.0685,0.9355,0.9655
SimGCL,403,41200.48583984375,0.16690587997436523,0.6274,0.7814,0.8441,0.6274,0.6481,0.6458,0.6481,0.1215,0.0685,0.9355,0.966
SimGCL,404,41181.08056640625,0.16227483749389648,0.6271,0.7808,0.8446,0.6271,0.6481,0.6456,0.6479,0.1215,0.0685,0.935,0.966
SimGCL,405,41166.25830078125,0.16260170936584473,0.6272,0.781,0.8451,0.6272,0.6483,0.6459,0.6482,0.1214,0.0685,0.9355,0.9665
SimGCL,406,41125.44287109375,0.16365981101989746,0.6278,0.782,0.8443,0.6278,0.6483,0.6461,0.6483,0.1217,0.0685,0.936,0.966
SimGCL,407,41311.6005859375,0.16744422912597656,0.6275,0.7821,0.8445,0.6275,0.648,0.6456,0.6479,0.1217,0.0685,0.9355,0.9665
SimGCL,408,41332.3876953125,0.1633148193359375,0.6274,0.7812,0.8449,0.6274,0.6483,0.6458,0.648,0.1216,0.0685,0.9355,0.966
SimGCL,409,41155.8837890625,0.16804027557373047,0.6275,0.7812,0.8436,0.6275,0.6481,0.6459,0.6482,0.1215,0.0684,0.9355,0.9655
SimGCL,410,41268.04443359375,0.16369938850402832,0.6278,0.7812,0.846,0.6278,0.649,0.6465,0.6489,0.1215,0.0686,0.9355,0.967
SimGCL,411,41175.06494140625,0.16172337532043457,0.6277,0.7819,0.8444,0.6277,0.6482,0.6457,0.6479,0.1218,0.0685,0.936,0.9655
SimGCL,412,41133.0908203125,0.16105222702026367,0.6275,0.7811,0.8458,0.6275,0.6487,0.646,0.6483,0.1215,0.0686,0.9355,0.9665
SimGCL,413,41152.12841796875,0.16253018379211426,0.6285,0.7824,0.8449,0.6285,0.6491,0.6469,0.6491,0.1218,0.0685,0.9365,0.9655
SimGCL,414,41104.47705078125,0.16141939163208008,0.6277,0.7818,0.8453,0.6277,0.6486,0.6459,0.6482,0.1217,0.0685,0.9355,0.9665
SimGCL,415,41174.12451171875,0.15840649604797363,0.6281,0.7818,0.8457,0.6281,0.6491,0.6467,0.6489,0.1216,0.0686,0.9365,0.9665
SimGCL,416,41159.12841796875,0.1606142520904541,0.6282,0.7812,0.845,0.6282,0.6491,0.6468,0.6491,0.1216,0.0685,0.935,0.966
SimGCL,417,41064.5888671875,0.15842700004577637,0.6282,0.7824,0.8454,0.6282,0.6489,0.6461,0.6483,0.1217,0.0685,0.9365,0.967
SimGCL,418,41221.43994140625,0.159226655960083,0.628,0.7821,0.8449,0.628,0.6487,0.6462,0.6485,0.1217,0.0685,0.9355,0.9665
SimGCL,419,41343.984375,0.15928149223327637,0.6285,0.7826,0.8464,0.6285,0.6494,0.6469,0.6491,0.1219,0.0687,0.937,0.967
SimGCL,420,41193.33056640625,0.15986847877502441,0.6282,0.7817,0.8449,0.6282,0.649,0.6465,0.6487,0.1216,0.0685,0.9365,0.966
SimGCL,421,41112.51708984375,0.1596231460571289,0.629,0.783,0.8462,0.629,0.6497,0.6472,0.6494,0.122,0.0687,0.937,0.967
SimGCL,422,41195.49755859375,0.15953350067138672,0.6283,0.7816,0.8453,0.6283,0.6494,0.647,0.6492,0.1216,0.0686,0.9365,0.966
SimGCL,423,41194.4658203125,0.16045475006103516,0.6289,0.7831,0.8458,0.6289,0.6495,0.6471,0.6492,0.122,0.0686,0.937,0.966
SimGCL,424,41116.240234375,0.15793943405151367,0.6288,0.7831,0.8455,0.6288,0.6492,0.6466,0.6488,0.122,0.0685,0.937,0.9665
SimGCL,425,41220.82763671875,0.159135103225708,0.6291,0.7833,0.8468,0.6291,0.6499,0.6476,0.6498,0.1221,0.0687,0.9375,0.9665
SimGCL,426,41215.16943359375,0.1599290370941162,0.6288,0.7833,0.8449,0.6288,0.6491,0.6466,0.6488,0.1221,0.0686,0.937,0.966
SimGCL,427,40978.9580078125,0.16691851615905762,0.6294,0.7838,0.8463,0.6294,0.6498,0.6476,0.6497,0.1222,0.0686,0.938,0.9665
SimGCL,428,40990.05419921875,0.16655182838439941,0.629,0.7827,0.8458,0.629,0.6497,0.6474,0.6495,0.122,0.0687,0.937,0.966
SimGCL,429,41327.10107421875,0.16209983825683594,0.6296,0.7836,0.8463,0.6296,0.65,0.6477,0.6498,0.1222,0.0686,0.9375,0.9665
SimGCL,430,41174.98583984375,0.25388145446777344,0.629,0.7832,0.8469,0.629,0.6499,0.647,0.6492,0.1221,0.0687,0.937,0.9665
SimGCL,431,41214.97412109375,0.16543197631835938,0.6293,0.7844,0.8465,0.6293,0.6497,0.6469,0.649,0.1224,0.0687,0.938,0.966
SimGCL,432,41144.455078125,0.1608743667602539,0.6297,0.7841,0.8461,0.6297,0.65,0.6479,0.65,0.1223,0.0686,0.937,0.9665
SimGCL,433,41293.7861328125,0.16338062286376953,0.6296,0.7852,0.8467,0.6296,0.6499,0.6469,0.6489,0.1224,0.0687,0.939,0.9665
SimGCL,434,41084.626953125,0.1615009307861328,0.63,0.7843,0.8467,0.63,0.6504,0.648,0.6502,0.1223,0.0687,0.9375,0.9675
SimGCL,435,41110.623046875,0.1634690761566162,0.6295,0.7856,0.8463,0.6295,0.6495,0.6467,0.6487,0.1225,0.0687,0.939,0.966
SimGCL,436,41036.12158203125,0.16104841232299805,0.6295,0.7842,0.8472,0.6295,0.6502,0.6476,0.6497,0.1222,0.0687,0.938,0.9675
SimGCL,437,40985.68505859375,0.16141343116760254,0.6295,0.786,0.8467,0.6295,0.6494,0.6467,0.6487,0.1226,0.0687,0.9395,0.967
SimGCL,438,41322.99609375,0.16208195686340332,0.6295,0.7837,0.8467,0.6295,0.6501,0.6478,0.65,0.1222,0.0686,0.938,0.9675
SimGCL,439,41228.41455078125,0.1614394187927246,0.6301,0.7855,0.8468,0.6301,0.6502,0.6477,0.6498,0.1225,0.0687,0.939,0.9675
SimGCL,440,41052.24853515625,0.16228604316711426,0.6294,0.7849,0.847,0.6294,0.6498,0.6469,0.6491,0.1224,0.0687,0.9375,0.967
SimGCL,441,41055.626953125,0.16158223152160645,0.6303,0.7862,0.8473,0.6303,0.6505,0.648,0.65,0.1225,0.0687,0.9395,0.9675
SimGCL,442,41264.01025390625,0.16318511962890625,0.6294,0.7855,0.8469,0.6294,0.6496,0.6466,0.6487,0.1225,0.0687,0.9385,0.967
SimGCL,443,41060.83984375,0.16175103187561035,0.6298,0.7859,0.8477,0.6298,0.6501,0.647,0.649,0.1226,0.0688,0.939,0.9675
SimGCL,444,41229.53955078125,0.1626753807067871,0.6294,0.7859,0.8473,0.6294,0.6495,0.6459,0.648,0.1226,0.0687,0.9385,0.9675
SimGCL,445,41075.66064453125,0.1611170768737793,0.6292,0.7848,0.847,0.6292,0.6497,0.6471,0.6492,0.1223,0.0687,0.9385,0.9665
SimGCL,446,41160.13427734375,0.16148090362548828,0.6297,0.7864,0.847,0.6297,0.6496,0.6468,0.6488,0.1226,0.0687,0.939,0.9675
SimGCL,447,41194.86474609375,0.16173195838928223,0.6299,0.7857,0.8476,0.6299,0.6502,0.6471,0.6492,0.1225,0.0688,0.939,0.9675
SimGCL,448,41195.1005859375,0.16170120239257812,0.6298,0.7868,0.848,0.6298,0.65,0.6469,0.6489,0.1226,0.0688,0.9395,0.9675
SimGCL,449,41083.22119140625,0.16588568687438965,0.6304,0.787,0.8472,0.6304,0.6501,0.6474,0.6493,0.1227,0.0687,0.9405,0.9675
SimGCL,450,41117.0869140625,0.16271424293518066,0.6302,0.7862,0.8479,0.6302,0.6504,0.6472,0.6494,0.1227,0.0688,0.938,0.9675
SimGCL,451,40977.17919921875,0.1630864143371582,0.6306,0.788,0.8475,0.6306,0.6501,0.647,0.649,0.123,0.0687,0.94,0.9675
SimGCL,452,41139.8408203125,0.1676640510559082,0.6301,0.7876,0.8484,0.6301,0.65,0.6468,0.6489,0.1229,0.0688,0.9395,0.9685
SimGCL,453,41192.3447265625,0.16866779327392578,0.6306,0.7879,0.8479,0.6306,0.6502,0.6467,0.6487,0.123,0.0688,0.9395,0.967
SimGCL,454,41363.7607421875,0.16780424118041992,0.6303,0.7877,0.8481,0.6303,0.65,0.647,0.649,0.123,0.0688,0.94,0.968
SimGCL,455,41090.05419921875,0.16790556907653809,0.6302,0.7872,0.8484,0.6302,0.6502,0.6469,0.649,0.1229,0.0688,0.9395,0.968
SimGCL,456,41124.9599609375,0.1670088768005371,0.6304,0.7884,0.8484,0.6304,0.6501,0.6471,0.6491,0.1231,0.0688,0.9405,0.9685
SimGCL,457,41095.1015625,0.16440057754516602,0.6308,0.7886,0.8472,0.6308,0.6501,0.6473,0.6492,0.1231,0.0688,0.941,0.967
SimGCL,458,41134.24267578125,0.1701669692993164,0.6304,0.7883,0.8474,0.6304,0.6498,0.6464,0.6484,0.1231,0.0688,0.939,0.967
SimGCL,459,41145.81298828125,0.2516348361968994,0.6311,0.7899,0.847,0.6311,0.6499,0.6472,0.6491,0.1233,0.0687,0.9415,0.967
SimGCL,460,41211.9521484375,0.16330814361572266,0.6308,0.7887,0.8473,0.6308,0.6501,0.6467,0.6487,0.1232,0.0688,0.94,0.9675
SimGCL,461,41038.3154296875,0.16137051582336426,0.631,0.7893,0.8477,0.631,0.6502,0.6474,0.6493,0.1233,0.0688,0.9415,0.9675
SimGCL,462,41181.5791015625,0.1605691909790039,0.631,0.789,0.8477,0.631,0.6504,0.6474,0.6492,0.1232,0.0688,0.942,0.9675
SimGCL,463,41326.38037109375,0.15762114524841309,0.6313,0.789,0.8481,0.6313,0.6507,0.6479,0.6499,0.1233,0.0688,0.941,0.9685
SimGCL,464,41127.53125,0.16064882278442383,0.6311,0.789,0.8479,0.6311,0.6505,0.6473,0.6492,0.1232,0.0688,0.941,0.9675
SimGCL,465,41217.87158203125,0.15856552124023438,0.6313,0.7895,0.8486,0.6313,0.6507,0.6478,0.6497,0.1234,0.0689,0.9415,0.9685
SimGCL,466,40903.83544921875,0.16190195083618164,0.6311,0.7889,0.8471,0.6311,0.6503,0.6472,0.6491,0.1232,0.0688,0.941,0.967
SimGCL,467,41150.455078125,0.15777850151062012,0.6316,0.7898,0.8474,0.6316,0.6506,0.6477,0.6495,0.1234,0.0688,0.9415,0.9675
SimGCL,468,41230.07421875,0.1602158546447754,0.6305,0.7884,0.8486,0.6305,0.6503,0.6468,0.6487,0.1231,0.0689,0.941,0.9675
SimGCL,469,41229.17236328125,0.15763449668884277,0.6318,0.7892,0.8481,0.6318,0.6512,0.6483,0.6502,0.1233,0.0688,0.941,0.9675
SimGCL,470,41133.94775390625,0.1606616973876953,0.6311,0.7889,0.8479,0.6311,0.6505,0.6479,0.6498,0.1232,0.0688,0.9415,0.968
SimGCL,471,40985.8017578125,0.15795445442199707,0.6315,0.7897,0.8478,0.6315,0.6507,0.6477,0.6495,0.1233,0.0688,0.9425,0.9675
SimGCL,472,41202.3720703125,0.1603562831878662,0.6311,0.789,0.8484,0.6311,0.6507,0.6473,0.6493,0.1232,0.0689,0.9415,0.9685
SimGCL,473,41142.20703125,0.15730571746826172,0.6316,0.7893,0.8481,0.6316,0.651,0.6478,0.6496,0.1232,0.0689,0.9415,0.9675
SimGCL,474,41137.82568359375,0.15830683708190918,0.6312,0.7897,0.8481,0.6312,0.6505,0.6473,0.6492,0.1233,0.0689,0.942,0.968
SimGCL,475,41082.68701171875,0.16312932968139648,0.6321,0.7904,0.8474,0.6321,0.651,0.6487,0.6505,0.1234,0.0688,0.9425,0.968
SimGCL,476,41284.00927734375,0.1634230613708496,0.6311,0.7894,0.8483,0.6311,0.6506,0.6476,0.6494,0.1232,0.0689,0.942,0.9675
SimGCL,477,41044.26708984375,0.16318273544311523,0.6317,0.7897,0.8483,0.6317,0.651,0.6482,0.6501,0.1233,0.0689,0.9415,0.968
SimGCL,478,41029.345703125,0.17090678215026855,0.632,0.7908,0.8491,0.632,0.6513,0.6481,0.6499,0.1235,0.069,0.9425,0.9675
SimGCL,479,41156.96826171875,0.1668107509613037,0.632,0.7888,0.8479,0.632,0.6515,0.6489,0.6508,0.1232,0.0688,0.9405,0.968
SimGCL,480,41224.93994140625,0.1618049144744873,0.632,0.79,0.8481,0.632,0.6512,0.6483,0.6502,0.1233,0.0689,0.941,0.9675
SimGCL,481,41090.515625,0.16429448127746582,0.6324,0.7903,0.8486,0.6324,0.6516,0.6491,0.651,0.1234,0.0689,0.941,0.968
SimGCL,482,41205.595703125,0.16148757934570312,0.6329,0.7906,0.8483,0.6329,0.6519,0.6494,0.6513,0.1235,0.0689,0.9415,0.9675
SimGCL,483,41209.05322265625,0.16486763954162598,0.6328,0.7907,0.8492,0.6328,0.6521,0.6494,0.6513,0.1235,0.0689,0.942,0.969
SimGCL,484,41019.18505859375,0.16108226776123047,0.6321,0.7901,0.848,0.6321,0.6513,0.6487,0.6506,0.1233,0.0688,0.942,0.9675
SimGCL,485,41016.548828125,0.16158413887023926,0.6326,0.7907,0.8493,0.6326,0.652,0.6491,0.651,0.1235,0.069,0.9415,0.968
SimGCL,486,41088.74072265625,0.1650218963623047,0.6329,0.7904,0.8491,0.6329,0.6523,0.6498,0.6517,0.1234,0.0689,0.942,0.9685
SimGCL,487,41050.7900390625,0.16365599632263184,0.6327,0.7918,0.8485,0.6327,0.6514,0.6489,0.6506,0.1237,0.0689,0.9425,0.9675
SimGCL,488,41131.564453125,0.1635580062866211,0.6332,0.7905,0.8493,0.6332,0.6526,0.65,0.652,0.1234,0.0689,0.941,0.968
SimGCL,489,40995.0224609375,0.24597978591918945,0.6326,0.7918,0.8485,0.6326,0.6514,0.6487,0.6505,0.1237,0.0689,0.9425,0.9675
SimGCL,490,41060.103515625,0.16444706916809082,0.6332,0.7906,0.8491,0.6332,0.6525,0.6498,0.6518,0.1234,0.0689,0.941,0.9685
SimGCL,491,41026.74365234375,0.1642615795135498,0.6333,0.791,0.8488,0.6333,0.6524,0.6502,0.6521,0.1236,0.0689,0.9415,0.9675
SimGCL,492,40866.7744140625,0.16744232177734375,0.6328,0.7919,0.8486,0.6328,0.6516,0.649,0.6508,0.1236,0.0689,0.9425,0.967
SimGCL,493,40996.72412109375,0.16751456260681152,0.6331,0.7916,0.8497,0.6331,0.6522,0.6494,0.6513,0.1237,0.069,0.942,0.9685
SimGCL,494,41168.7119140625,0.16862130165100098,0.6331,0.7909,0.849,0.6331,0.6522,0.6498,0.6517,0.1236,0.0689,0.942,0.968
SimGCL,495,41083.86474609375,0.16689467430114746,0.6336,0.7923,0.8497,0.6336,0.6525,0.6497,0.6516,0.1238,0.069,0.942,0.968
SimGCL,496,40948.2333984375,0.16637730598449707,0.6338,0.7916,0.849,0.6338,0.6527,0.6502,0.6521,0.1237,0.0689,0.9425,0.969
SimGCL,497,41079.09765625,0.16799020767211914,0.634,0.7927,0.8502,0.634,0.6529,0.6503,0.6522,0.1239,0.069,0.942,0.9685
SimGCL,498,41058.21533203125,0.1635427474975586,0.6337,0.7923,0.8488,0.6337,0.6524,0.6503,0.6521,0.1238,0.0689,0.9425,0.968
SimGCL,499,41034.67626953125,0.16611790657043457,0.6335,0.7927,0.849,0.6335,0.6521,0.6494,0.6513,0.1238,0.0689,0.942,0.968
SimGCL,500,40877.82568359375,0.16447663307189941,0.6341,0.7931,0.8491,0.6341,0.6526,0.6504,0.6523,0.1239,0.069,0.9425,0.9675
